# Table 
0.67 0.857439 0.0452991 0.015457 0.0199954 0.0240143 0.0377951 0.235955 0.0752101 0.105711 0.131976 0.193787 0.104795 0.118837 0.0828004 0.0608675 0.0969493 0.647205 0.624047 0.64046 0.644931 0.632973 0.386848 0.382218 0.369074 0.358528 0.374604 0.282184 0 0.000331186 0.00056635 0.000351401 0.000343173 0.000253399 0.000379277 0.00340037 0.00196627 0.00225577 0.00137041 0.00258403 0.00156374 0.00198535 0.00230537 0.00141511 0.00185193 0.000803072 0.00112369 0.00138564 0.000828684 0.0011155 0.000607556 0.000683044 0.000751511 0.000550716 0.000619744 0.0009804 0
0.676 0.857439 0.0452991 0.015457 0.0199954 0.0240143 0.0377951 0.235955 0.0752101 0.105711 0.131976 0.193787 0.104795 0.118837 0.0828004 0.0608675 0.0969493 0.647205 0.624047 0.64046 0.644931 0.632973 0.386848 0.382218 0.369074 0.358528 0.374604 0.282184 0 0.000331186 0.00056635 0.000351401 0.000343173 0.000253399 0.000379277 0.00340037 0.00196627 0.00225577 0.00137041 0.00258403 0.00156374 0.00198535 0.00230537 0.00141511 0.00185193 0.000803072 0.00112369 0.00138564 0.000828684 0.0011155 0.000607556 0.000683044 0.000751511 0.000550716 0.000619744 0.0009804 0
0.682 0.857439 0.0452991 0.015457 0.0199954 0.0240143 0.0377951 0.235955 0.0752101 0.105711 0.131976 0.193787 0.104795 0.118837 0.0828004 0.0608675 0.0969493 0.647205 0.624047 0.64046 0.644931 0.632973 0.386848 0.382218 0.369074 0.358528 0.374604 0.282184 0 0.000331186 0.00056635 0.000351401 0.000343173 0.000253399 0.000379277 0.00340037 0.00196627 0.00225577 0.00137041 0.00258403 0.00156374 0.00198535 0.00230537 0.00141511 0.00185193 0.000803072 0.00112369 0.00138564 0.000828684 0.0011155 0.000607556 0.000683044 0.000751511 0.000550716 0.000619744 0.0009804 0
0.688 0.857439 0.0452991 0.015457 0.0199954 0.0240143 0.0377951 0.235955 0.0752101 0.105711 0.131976 0.193787 0.104795 0.118837 0.0828004 0.0608675 0.0969493 0.647205 0.624047 0.64046 0.644931 0.632973 0.386848 0.382218 0.369074 0.358528 0.374604 0.282184 0 0.000331186 0.00056635 0.000351401 0.000343173 0.000253399 0.000379277 0.00340037 0.00196627 0.00225577 0.00137041 0.00258403 0.00156374 0.00198535 0.00230537 0.00141511 0.00185193 0.000803072 0.00112369 0.00138564 0.000828684 0.0011155 0.000607556 0.000683044 0.000751511 0.000550716 0.000619744 0.0009804 0
0.694 0.858073 0.0449407 0.0175303 0.0190921 0.0259314 0.0344325 0.239092 0.086762 0.0989521 0.144302 0.174518 0.0950549 0.112208 0.0912479 0.0561858 0.10197 0.652344 0.628411 0.636413 0.649005 0.631062 0.383317 0.380335 0.372093 0.35774 0.376545 0.283999 0 0.000332251 0.000393078 0.000305806 0.000295038 0.000215523 0.000376221 0.00247001 0.00180293 0.0017434 0.00140311 0.00236059 0.00145872 0.00221453 0.00199873 0.00182084 0.00168155 0.000797928 0.00124836 0.00118895 0.000948002 0.00100122 0.000556338 0.000800974 0.000654509 0.000669544 0.000584351 0.000997336 0
0.7 0.858073 0.0449407 0.0175303 0.0190921 0.0259314 0.0344325 0.239092 0.086762 0.0989521 0.144302 0.174518 0.0950549 0.112208 0.0912479 0.0561858 0.10197 0.652344 0.628411 0.636413 0.649005 0.631062 0.383317 0.380335 0.372093 0.35774 0.376545 0.283999 0 0.000332251 0.000393078 0.000305806 0.000295038 0.000215523 0.000376221 0.00247001 0.00180293 0.0017434 0.00140311 0.00236059 0.00145872 0.00221453 0.00199873 0.00182084 0.00168155 0.000797928 0.00124836 0.00118895 0.000948002 0.00100122 0.000556338 0.000800974 0.000654509 0.000669544 0.000584351 0.000997336 0
0.706 0.858073 0.0449407 0.0175303 0.0190921 0.0259314 0.0344325 0.239092 0.086762 0.0989521 0.144302 0.174518 0.0950549 0.112208 0.0912479 0.0561858 0.10197 0.652344 0.628411 0.636413 0.649005 0.631062 0.383317 0.380335 0.372093 0.35774 0.376545 0.283999 0 0.000332251 0.000393078 0.000305806 0.000295038 0.000215523 0.000376221 0.00247001 0.00180293 0.0017434 0.00140311 0.00236059 0.00145872 0.00221453 0.00199873 0.00182084 0.00168155 0.000797928 0.00124836 0.00118895 0.000948002 0.00100122 0.000556338 0.000800974 0.000654509 0.000669544 0.000584351 0.000997336 0
0.712 0.858073 0.0449407 0.0175303 0.0190921 0.0259314 0.0344325 0.239092 0.086762 0.0989521 0.144302 0.174518 0.0950549 0.112208 0.0912479 0.0561858 0.10197 0.652344 0.628411 0.636413 0.649005 0.631062 0.383317 0.380335 0.372093 0.35774 0.376545 0.283999 0 0.000332251 0.000393078 0.000305806 0.000295038 0.000215523 0.000376221 0.00247001 0.00180293 0.0017434 0.00140311 0.00236059 0.00145872 0.00221453 0.00199873 0.00182084 0.00168155 0.000797928 0.00124836 0.00118895 0.000948002 0.00100122 0.000556338 0.000800974 0.000654509 0.000669544 0.000584351 0.000997336 0
0.718 0.858073 0.0449407 0.0175303 0.0190921 0.0259314 0.0344325 0.239092 0.086762 0.0989521 0.144302 0.174518 0.0950549 0.112208 0.0912479 0.0561858 0.10197 0.652344 0.628411 0.636413 0.649005 0.631062 0.383317 0.380335 0.372093 0.35774 0.376545 0.283999 0 0.000332251 0.000393078 0.000305806 0.000295038 0.000215523 0.000376221 0.00247001 0.00180293 0.0017434 0.00140311 0.00236059 0.00145872 0.00221453 0.00199873 0.00182084 0.00168155 0.000797928 0.00124836 0.00118895 0.000948002 0.00100122 0.000556338 0.000800974 0.000654509 0.000669544 0.000584351 0.000997336 0
0.724 0.858073 0.0449407 0.0175303 0.0190921 0.0259314 0.0344325 0.239092 0.086762 0.0989521 0.144302 0.174518 0.0950549 0.112208 0.0912479 0.0561858 0.10197 0.652344 0.628411 0.636413 0.649005 0.631062 0.383317 0.380335 0.372093 0.35774 0.376545 0.283999 0 0.000332251 0.000393078 0.000305806 0.000295038 0.000215523 0.000376221 0.00247001 0.00180293 0.0017434 0.00140311 0.00236059 0.00145872 0.00221453 0.00199873 0.00182084 0.00168155 0.000797928 0.00124836 0.00118895 0.000948002 0.00100122 0.000556338 0.000800974 0.000654509 0.000669544 0.000584351 0.000997336 0
0.73 0.858558 0.0432981 0.0202628 0.0190857 0.027604 0.0311911 0.234232 0.102132 0.0970995 0.15387 0.156884 0.0861835 0.10516 0.0994292 0.0567818 0.105312 0.655824 0.632949 0.632839 0.651077 0.630242 0.379545 0.378399 0.375278 0.359052 0.378013 0.285395 0 0.000306695 0.000399028 0.000304327 0.000329265 0.000240357 0.000410248 0.00253899 0.00185979 0.0018546 0.00172979 0.00239744 0.00128425 0.00201942 0.00175738 0.00175139 0.00142966 0.000742664 0.00120903 0.0010823 0.000991944 0.000885601 0.000497851 0.000709143 0.000599358 0.000624481 0.000498729 0.000910431 0
