# Table 
0.39 0.620591 0.114483 0.0423372 0.057174 0.0599888 0.105426 0.142971 0.0505198 0.0721097 0.0753559 0.130375 0.0455898 0.0463777 0.0323954 0.0287182 0.0396371 0.349662 0.337009 0.347803 0.343701 0.343829 0.209591 0.203088 0.198039 0.193681 0.202058 0.163244 0 0.000496863 0.00106901 0.000737048 0.000736122 0.000500081 0.000933604 0.00155748 0.00101675 0.00111021 0.000625404 0.00142131 0.000743571 0.00090869 0.000808139 0.000683989 0.000673723 0.000653669 0.00100824 0.000965554 0.000687087 0.000788433 0.000267013 0.000234003 0.000170545 0.000223111 0.00015557 0.000481904 0
0.396 0.620591 0.114483 0.0423372 0.057174 0.0599888 0.105426 0.142971 0.0505198 0.0721097 0.0753559 0.130375 0.0455898 0.0463777 0.0323954 0.0287182 0.0396371 0.349662 0.337009 0.347803 0.343701 0.343829 0.209591 0.203088 0.198039 0.193681 0.202058 0.163244 0 0.000496863 0.00106901 0.000737048 0.000736122 0.000500081 0.000933604 0.00155748 0.00101675 0.00111021 0.000625404 0.00142131 0.000743571 0.00090869 0.000808139 0.000683989 0.000673723 0.000653669 0.00100824 0.000965554 0.000687087 0.000788433 0.000267013 0.000234003 0.000170545 0.000223111 0.00015557 0.000481904 0
0.402 0.620591 0.114483 0.0423372 0.057174 0.0599888 0.105426 0.142971 0.0505198 0.0721097 0.0753559 0.130375 0.0455898 0.0463777 0.0323954 0.0287182 0.0396371 0.349662 0.337009 0.347803 0.343701 0.343829 0.209591 0.203088 0.198039 0.193681 0.202058 0.163244 0 0.000496863 0.00106901 0.000737048 0.000736122 0.000500081 0.000933604 0.00155748 0.00101675 0.00111021 0.000625404 0.00142131 0.000743571 0.00090869 0.000808139 0.000683989 0.000673723 0.000653669 0.00100824 0.000965554 0.000687087 0.000788433 0.000267013 0.000234003 0.000170545 0.000223111 0.00015557 0.000481904 0
0.408 0.620591 0.114483 0.0423372 0.057174 0.0599888 0.105426 0.142971 0.0505198 0.0721097 0.0753559 0.130375 0.0455898 0.0463777 0.0323954 0.0287182 0.0396371 0.349662 0.337009 0.347803 0.343701 0.343829 0.209591 0.203088 0.198039 0.193681 0.202058 0.163244 0 0.000496863 0.00106901 0.000737048 0.000736122 0.000500081 0.000933604 0.00155748 0.00101675 0.00111021 0.000625404 0.00142131 0.000743571 0.00090869 0.000808139 0.000683989 0.000673723 0.000653669 0.00100824 0.000965554 0.000687087 0.000788433 0.000267013 0.000234003 0.000170545 0.000223111 0.00015557 0.000481904 0
0.414 0.621737 0.115026 0.04612 0.0550218 0.0639992 0.0980962 0.146069 0.0554497 0.0688055 0.0814063 0.120647 0.0415427 0.0450466 0.0347656 0.026795 0.0410454 0.353767 0.33909 0.346324 0.347312 0.343028 0.208421 0.20305 0.199105 0.193972 0.202693 0.164191 0 0.000438373 0.000999791 0.000730834 0.000817289 0.000586457 0.000819695 0.00139689 0.000919639 0.00130936 0.000729999 0.00132912 0.000527771 0.000650995 0.000965003 0.000491133 0.000711625 0.000527789 0.000680166 0.00112376 0.000465073 0.000769294 0.000176899 0.000228196 0.000224865 0.000178036 0.00020359 0.000422324 0
0.42 0.621737 0.115026 0.04612 0.0550218 0.0639992 0.0980962 0.146069 0.0554497 0.0688055 0.0814063 0.120647 0.0415427 0.0450466 0.0347656 0.026795 0.0410454 0.353767 0.33909 0.346324 0.347312 0.343028 0.208421 0.20305 0.199105 0.193972 0.202693 0.164191 0 0.000438373 0.000999791 0.000730834 0.000817289 0.000586457 0.000819695 0.00139689 0.000919639 0.00130936 0.000729999 0.00132912 0.000527771 0.000650995 0.000965003 0.000491133 0.000711625 0.000527789 0.000680166 0.00112376 0.000465073 0.000769294 0.000176899 0.000228196 0.000224865 0.000178036 0.00020359 0.000422324 0
0.426 0.621737 0.115026 0.04612 0.0550218 0.0639992 0.0980962 0.146069 0.0554497 0.0688055 0.0814063 0.120647 0.0415427 0.0450466 0.0347656 0.026795 0.0410454 0.353767 0.33909 0.346324 0.347312 0.343028 0.208421 0.20305 0.199105 0.193972 0.202693 0.164191 0 0.000438373 0.000999791 0.000730834 0.000817289 0.000586457 0.000819695 0.00139689 0.000919639 0.00130936 0.000729999 0.00132912 0.000527771 0.000650995 0.000965003 0.000491133 0.000711625 0.000527789 0.000680166 0.00112376 0.000465073 0.000769294 0.000176899 0.000228196 0.000224865 0.000178036 0.00020359 0.000422324 0
0.432 0.621737 0.115026 0.04612 0.0550218 0.0639992 0.0980962 0.146069 0.0554497 0.0688055 0.0814063 0.120647 0.0415427 0.0450466 0.0347656 0.026795 0.0410454 0.353767 0.33909 0.346324 0.347312 0.343028 0.208421 0.20305 0.199105 0.193972 0.202693 0.164191 0 0.000438373 0.000999791 0.000730834 0.000817289 0.000586457 0.000819695 0.00139689 0.000919639 0.00130936 0.000729999 0.00132912 0.000527771 0.000650995 0.000965003 0.000491133 0.000711625 0.000527789 0.000680166 0.00112376 0.000465073 0.000769294 0.000176899 0.000228196 0.000224865 0.000178036 0.00020359 0.000422324 0
0.438 0.621737 0.115026 0.04612 0.0550218 0.0639992 0.0980962 0.146069 0.0554497 0.0688055 0.0814063 0.120647 0.0415427 0.0450466 0.0347656 0.026795 0.0410454 0.353767 0.33909 0.346324 0.347312 0.343028 0.208421 0.20305 0.199105 0.193972 0.202693 0.164191 0 0.000438373 0.000999791 0.000730834 0.000817289 0.000586457 0.000819695 0.00139689 0.000919639 0.00130936 0.000729999 0.00132912 0.000527771 0.000650995 0.000965003 0.000491133 0.000711625 0.000527789 0.000680166 0.00112376 0.000465073 0.000769294 0.000176899 0.000228196 0.000224865 0.000178036 0.00020359 0.000422324 0
0.444 0.621737 0.115026 0.04612 0.0550218 0.0639992 0.0980962 0.146069 0.0554497 0.0688055 0.0814063 0.120647 0.0415427 0.0450466 0.0347656 0.026795 0.0410454 0.353767 0.33909 0.346324 0.347312 0.343028 0.208421 0.20305 0.199105 0.193972 0.202693 0.164191 0 0.000438373 0.000999791 0.000730834 0.000817289 0.000586457 0.000819695 0.00139689 0.000919639 0.00130936 0.000729999 0.00132912 0.000527771 0.000650995 0.000965003 0.000491133 0.000711625 0.000527789 0.000680166 0.00112376 0.000465073 0.000769294 0.000176899 0.000228196 0.000224865 0.000178036 0.00020359 0.000422324 0
0.45 0.623325 0.11312 0.0511227 0.0533939 0.0688739 0.0901647 0.145896 0.0622567 0.0662959 0.0888762 0.110676 0.0374762 0.0426536 0.0369891 0.0248467 0.041644 0.357573 0.342316 0.345337 0.351625 0.34308 0.207114 0.202813 0.200302 0.194588 0.203082 0.165573 0 0.000463158 0.00118939 0.000752236 0.000785944 0.000518441 0.000767169 0.00157979 0.00107776 0.00119777 0.0007575 0.00118788 0.000438081 0.000892827 0.00097107 0.000622369 0.000721975 0.000464138 0.000977382 0.00105741 0.0007125 0.000798426 0.000165358 0.00023272 0.000257052 0.000151311 0.000205355 0.000454406 0
