# Table 
0 0.337985 0.177474 0.0692393 0.110869 0.103956 0.200478 0.0625193 0.0222525 0.0394996 0.0353507 0.0724072 0.0440477 0.0363284 0.0218534 0.0239773 0.0264925 0.154229 0.141068 0.153098 0.146021 0.155325 0.117313 0.103157 0.0960082 0.0947354 0.101644 0.0729736 0 0.000613482 0.00129873 0.000977007 0.00106465 0.000578025 0.00112727 0.000700306 0.000415834 0.000457414 0.000267747 0.0005743 0.00058849 0.000526535 0.000349512 0.000442473 0.000316316 0.000620696 0.000777331 0.000634686 0.000555153 0.000536928 0.000255252 0.000143857 8.85146e-05 0.00016623 8.21987e-05 0.000284869 0
0.02 0.338045 0.182232 0.0686749 0.109431 0.104658 0.196959 0.0647916 0.0219632 0.0389083 0.0357078 0.0708779 0.0422152 0.0367402 0.0221664 0.0234527 0.0269189 0.15542 0.14049 0.152845 0.146358 0.154854 0.116174 0.103261 0.0961667 0.0944426 0.101802 0.0730535 0 0.000602982 0.00143533 0.000879603 0.00129821 0.000921616 0.00109152 0.000652668 0.000348038 0.000643953 0.000360766 0.00062363 0.000485547 0.00046783 0.000446469 0.000388568 0.000392699 0.0005629 0.00061881 0.000781452 0.000546685 0.000579896 0.000186783 0.000177007 0.000105474 0.000110047 0.000117822 0.000277895 0
0.04 0.337631 0.188673 0.0688145 0.107086 0.106769 0.191028 0.0677734 0.0218316 0.0377433 0.0365104 0.0680912 0.0401962 0.0374739 0.0230735 0.02295 0.0278692 0.156728 0.139571 0.151722 0.146593 0.153609 0.114919 0.103436 0.0964303 0.0941155 0.102042 0.0729255 0 0.000362945 0.00156115 0.000866942 0.000809556 0.000442611 0.00127943 0.00076916 0.00035787 0.00036493 0.000211699 0.000581034 0.000442326 0.000375214 0.000301533 0.000240326 0.000218766 0.000459875 0.000614675 0.000489021 0.000386689 0.000342719 0.0001835 0.000156712 9.38708e-05 0.000117531 9.65999e-05 0.000175408 0
0.06 0.337631 0.188673 0.0688145 0.107086 0.106769 0.191028 0.0677734 0.0218316 0.0377433 0.0365104 0.0680912 0.0401962 0.0374739 0.0230735 0.02295 0.0278692 0.156728 0.139571 0.151722 0.146593 0.153609 0.114919 0.103436 0.0964303 0.0941155 0.102042 0.0729255 0 0.000362945 0.00156115 0.000866942 0.000809556 0.000442611 0.00127943 0.00076916 0.00035787 0.00036493 0.000211699 0.000581034 0.000442326 0.000375214 0.000301533 0.000240326 0.000218766 0.000459875 0.000614675 0.000489021 0.000386689 0.000342719 0.0001835 0.000156712 9.38708e-05 0.000117531 9.65999e-05 0.000175408 0
0.08 0.337918 0.196181 0.0699281 0.10395 0.109338 0.182684 0.0716398 0.0221599 0.036392 0.0377913 0.0645209 0.0372229 0.0373376 0.0238944 0.0218201 0.0287681 0.158858 0.13959 0.15093 0.147948 0.152455 0.113212 0.103281 0.0967825 0.0937729 0.102281 0.0731329 0 0.000539984 0.00143517 0.00090735 0.0013772 0.000545668 0.00111365 0.000760025 0.000419049 0.000555117 0.000284322 0.000494436 0.000443739 0.000621434 0.00029596 0.000370917 0.000238397 0.000566513 0.000901467 0.000537979 0.000542542 0.000415718 0.000157058 0.000136917 0.000109022 0.000142103 9.57003e-05 0.000245845 0
0.1 0.337918 0.196181 0.0699281 0.10395 0.109338 0.182684 0.0716398 0.0221599 0.036392 0.0377913 0.0645209 0.0372229 0.0373376 0.0238944 0.0218201 0.0287681 0.158858 0.13959 0.15093 0.147948 0.152455 0.113212 0.103281 0.0967825 0.0937729 0.102281 0.0731329 0 0.000539984 0.00143517 0.00090735 0.0013772 0.000545668 0.00111365 0.000760025 0.000419049 0.000555117 0.000284322 0.000494436 0.000443739 0.000621434 0.00029596 0.000370917 0.000238397 0.000566513 0.000901467 0.000537979 0.000542542 0.000415718 0.000157058 0.000136917 0.000109022 0.000142103 9.57003e-05 0.000245845 0
0.12 0.338287 0.203564 0.0715852 0.100005 0.113257 0.173302 0.0754508 0.0226834 0.0347163 0.0395812 0.0606392 0.034254 0.0372678 0.0251639 0.0207263 0.0298804 0.160772 0.139704 0.149944 0.149386 0.151337 0.111407 0.103237 0.0974451 0.0935026 0.102712 0.0733637 0 0.000667766 0.00103669 0.000970587 0.00105627 0.000771663 0.00109077 0.000628731 0.00035202 0.000475898 0.000314121 0.000630419 0.000397316 0.000454881 0.00045524 0.000377808 0.000411408 0.000524489 0.000696818 0.000751527 0.000556562 0.000693354 0.000152094 0.000202198 0.000116539 0.000105887 0.000111618 0.000309574 0
0.14 0.338902 0.209584 0.0746618 0.0968797 0.117416 0.162558 0.0787901 0.0238371 0.0333715 0.0416273 0.0562345 0.0312887 0.0366872 0.0264859 0.0197919 0.0310645 0.162577 0.140682 0.1491 0.151326 0.149978 0.109548 0.103149 0.0982269 0.0935944 0.10309 0.0737014 0 0.00057424 0.00130782 0.000800627 0.000902017 0.000690204 0.000948425 0.000648368 0.000319603 0.000403827 0.000386374 0.000454097 0.000314171 0.00037437 0.000370998 0.000429313 0.000274454 0.000410706 0.000623701 0.000653392 0.00060828 0.000535496 0.000107511 0.000129956 0.000112968 0.000146698 0.000111926 0.000254734 0
0.16 0.338902 0.209584 0.0746618 0.0968797 0.117416 0.162558 0.0787901 0.0238371 0.0333715 0.0416273 0.0562345 0.0312887 0.0366872 0.0264859 0.0197919 0.0310645 0.162577 0.140682 0.1491 0.151326 0.149978 0.109548 0.103149 0.0982269 0.0935944 0.10309 0.0737014 0 0.00057424 0.00130782 0.000800627 0.000902017 0.000690204 0.000948425 0.000648368 0.000319603 0.000403827 0.000386374 0.000454097 0.000314171 0.00037437 0.000370998 0.000429313 0.000274454 0.000410706 0.000623701 0.000653392 0.00060828 0.000535496 0.000107511 0.000129956 0.000112968 0.000146698 0.000111926 0.000254734 0
0.18 0.340019 0.213072 0.079557 0.0933974 0.122297 0.151657 0.0811959 0.0258314 0.0319487 0.0440652 0.0520051 0.0284314 0.0353665 0.0280535 0.0189222 0.032153 0.164328 0.142782 0.148393 0.153695 0.149002 0.107788 0.102957 0.0993087 0.0939641 0.103556 0.0742126 0 0.000687587 0.00148912 0.000827734 0.00129601 0.000879605 0.00108244 0.00071612 0.000291435 0.000596571 0.000382851 0.000575552 0.000326754 0.000420847 0.0005998 0.000394907 0.000501129 0.000509317 0.000653499 0.000880243 0.000573307 0.000713182 0.000137848 0.000146592 0.000153301 0.00013077 0.00015427 0.000311749 0
0.2 0.340019 0.213072 0.079557 0.0933974 0.122297 0.151657 0.0811959 0.0258314 0.0319487 0.0440652 0.0520051 0.0284314 0.0353665 0.0280535 0.0189222 0.032153 0.164328 0.142782 0.148393 0.153695 0.149002 0.107788 0.102957 0.0993087 0.0939641 0.103556 0.0742126 0 0.000687587 0.00148912 0.000827734 0.00129601 0.000879605 0.00108244 0.00071612 0.000291435 0.000596571 0.000382851 0.000575552 0.000326754 0.000420847 0.0005998 0.000394907 0.000501129 0.000509317 0.000653499 0.000880243 0.000573307 0.000713182 0.000137848 0.000146592 0.000153301 0.00013077 0.00015427 0.000311749 0
0.22 0.340854 0.212509 0.0853402 0.0921092 0.127044 0.142143 0.0816228 0.0280867 0.03134 0.0463034 0.0483483 0.026194 0.0343414 0.0297879 0.0188998 0.0331376 0.165298 0.144477 0.147939 0.155525 0.148112 0.106213 0.102889 0.100687 0.0948231 0.103978 0.0745379 0 0.000557307 0.00116285 0.000818456 0.000899364 0.000601793 0.000961454 0.000579151 0.000439782 0.000301236 0.000407628 0.00037664 0.000319429 0.000596639 0.000309224 0.000450595 0.000294682 0.000410674 0.000845329 0.000465345 0.000599668 0.000494489 0.000114314 0.000178363 0.00013613 0.000146526 0.000112839 0.000272211 0
0.24 0.340854 0.212509 0.0853402 0.0921092 0.127044 0.142143 0.0816228 0.0280867 0.03134 0.0463034 0.0483483 0.026194 0.0343414 0.0297879 0.0188998 0.0331376 0.165298 0.144477 0.147939 0.155525 0.148112 0.106213 0.102889 0.100687 0.0948231 0.103978 0.0745379 0 0.000557307 0.00116285 0.000818456 0.000899364 0.000601793 0.000961454 0.000579151 0.000439782 0.000301236 0.000407628 0.00037664 0.000319429 0.000596639 0.000309224 0.000450595 0.000294682 0.000410674 0.000845329 0.000465345 0.000599668 0.000494489 0.000114314 0.000178363 0.00013613 0.000146526 0.000112839 0.000272211 0
0.26 0.342339 0.208636 0.0920215 0.0931459 0.130644 0.133214 0.0807199 0.0309003 0.0318389 0.0482159 0.0452054 0.0241249 0.0330786 0.0308166 0.0191425 0.0335891 0.166185 0.147006 0.148775 0.157627 0.147951 0.104749 0.103017 0.102054 0.0960453 0.104274 0.0750969 0 0.000576996 0.00158422 0.000978748 0.00112766 0.00098717 0.00104964 0.000668512 0.000509995 0.000474707 0.000544511 0.000495863 0.000255375 0.000644807 0.000470242 0.000445143 0.000465213 0.000367964 0.000910252 0.000636741 0.000665908 0.000614756 0.00010513 0.00018544 0.000181133 0.000113949 0.000177859 0.000280219 0
0.28 0.343312 0.202439 0.0992677 0.0970466 0.132326 0.12561 0.078541 0.0338221 0.0334492 0.0490429 0.0426177 0.0223212 0.0321381 0.0316259 0.0201378 0.0337645 0.166408 0.148881 0.15012 0.158658 0.148063 0.103209 0.103138 0.103486 0.0973862 0.10446 0.0754253 0 0.000631654 0.00129975 0.00106842 0.00108022 0.000938816 0.0009167 0.000571274 0.000534846 0.000456414 0.000511334 0.00046182 0.000237756 0.000617583 0.000476458 0.000411594 0.000470273 0.000466878 0.000845376 0.000655836 0.000644052 0.00062722 9.67428e-05 0.00019731 0.00015886 9.77111e-05 0.000157624 0.000299584 0
0.3 0.343312 0.202439 0.0992677 0.0970466 0.132326 0.12561 0.078541 0.0338221 0.0334492 0.0490429 0.0426177 0.0223212 0.0321381 0.0316259 0.0201378 0.0337645 0.166408 0.148881 0.15012 0.158658 0.148063 0.103209 0.103138 0.103486 0.0973862 0.10446 0.0754253 0 0.000631654 0.00129975 0.00106842 0.00108022 0.000938816 0.0009167 0.000571274 0.000534846 0.000456414 0.000511334 0.00046182 0.000237756 0.000617583 0.000476458 0.000411594 0.000470273 0.000466878 0.000845376 0.000655836 0.000644052 0.00062722 9.67428e-05 0.00019731 0.00015886 9.77111e-05 0.000157624 0.000299584 0
0.32 0.343948 0.195476 0.106709 0.10304 0.132027 0.1188 0.0758398 0.0367913 0.0358558 0.0489397 0.0402397 0.0208283 0.0315562 0.0320881 0.0214601 0.0339062 0.166223 0.150472 0.151593 0.159172 0.147981 0.101761 0.103426 0.10467 0.0987817 0.104508 0.0755962 0 0.000556718 0.000834012 0.00102271 0.00124654 0.000891354 0.000780896 0.000335728 0.000546721 0.000509742 0.000508305 0.000369155 0.000237372 0.000501641 0.000441569 0.000383536 0.000354298 0.000378441 0.00080717 0.000535198 0.000644896 0.000567835 0.000105568 0.000127353 0.000171203 9.21697e-05 9.20184e-05 0.000263454 0
0.34 0.343948 0.195476 0.106709 0.10304 0.132027 0.1188 0.0758398 0.0367913 0.0358558 0.0489397 0.0402397 0.0208283 0.0315562 0.0320881 0.0214601 0.0339062 0.166223 0.150472 0.151593 0.159172 0.147981 0.101761 0.103426 0.10467 0.0987817 0.104508 0.0755962 0 0.000556718 0.000834012 0.00102271 0.00124654 0.000891354 0.000780896 0.000335728 0.000546721 0.000509742 0.000508305 0.000369155 0.000237372 0.000501641 0.000441569 0.000383536 0.000354298 0.000378441 0.00080717 0.000535198 0.000644896 0.000567835 0.000105568 0.000127353 0.000171203 9.21697e-05 9.20184e-05 0.000263454 0
0.36 0.344033 0.188521 0.114253 0.109445 0.130644 0.113104 0.072882 0.0397073 0.0383648 0.0482267 0.0381764 0.0197153 0.0311418 0.0325788 0.0229141 0.0341481 0.165484 0.151522 0.152753 0.158953 0.147644 0.100394 0.10363 0.10572 0.0999338 0.10454 0.0755361 0 0.000652174 0.00111193 0.00116223 0.00101288 0.00109841 0.00103216 0.00049692 0.00057743 0.000450884 0.000602434 0.000396132 0.000238425 0.00054611 0.000501356 0.000441537 0.000434305 0.000493291 0.000796637 0.000623128 0.000699499 0.000605606 9.08022e-05 0.000160996 0.000191088 0.000107827 0.000139416 0.000301317 0
0.38 0.344473 0.182842 0.120405 0.114923 0.128962 0.108396 0.0705548 0.0422593 0.0406448 0.0475366 0.0365587 0.0186739 0.0305877 0.0325808 0.023926 0.0340973 0.165006 0.152777 0.154063 0.159018 0.147634 0.0992226 0.103785 0.106382 0.100845 0.104463 0.0756662 0 0.000594365 0.00142597 0.00136276 0.00127973 0.00122148 0.00101673 0.000537511 0.000696047 0.000611753 0.00060231 0.000395031 0.000221843 0.000565826 0.000594221 0.000408881 0.000423684 0.000346648 0.000807929 0.000694962 0.000600998 0.0006017 0.000100397 0.000179837 0.000237057 0.000123127 0.000157135 0.000275523 0
0.4 0.344473 0.182842 0.120405 0.114923 0.128962 0.108396 0.0705548 0.0422593 0.0406448 0.0475366 0.0365587 0.0186739 0.0305877 0.0325808 0.023926 0.0340973 0.165006 0.152777 0.154063 0.159018 0.147634 0.0992226 0.103785 0.106382 0.100845 0.104463 0.0756662 0 0.000594365 0.00142597 0.00136276 0.00127973 0.00122148 0.00101673 0.000537511 0.000696047 0.000611753 0.00060231 0.000395031 0.000221843 0.000565826 0.000594221 0.000408881 0.000423684 0.000346648 0.000807929 0.000694962 0.000600998 0.0006017 0.000100397 0.000179837 0.000237057 0.000123127 0.000157135 0.000275523 0
0.42 0.344526 0.178751 0.124529 0.11951 0.126897 0.105787 0.0687914 0.0438809 0.0425143 0.046616 0.03567 0.0179936 0.0303186 0.0325548 0.024766 0.0339427 0.164451 0.153329 0.154884 0.158766 0.147604 0.0983459 0.103839 0.106792 0.101449 0.104286 0.0756668 0 0.000701628 0.00126391 0.000971656 0.000873664 0.000833469 0.000800168 0.000418458 0.000585275 0.000519393 0.000424405 0.000301802 0.000224948 0.000624547 0.000573431 0.000393866 0.000451747 0.000448568 0.000799363 0.000803478 0.000638127 0.000627461 8.41818e-05 0.000219715 0.000166693 0.000101899 0.0001613 0.00032755 0
0.44 0.344526 0.178751 0.124529 0.11951 0.126897 0.105787 0.0687914 0.0438809 0.0425143 0.046616 0.03567 0.0179936 0.0303186 0.0325548 0.024766 0.0339427 0.164451 0.153329 0.154884 0.158766 0.147604 0.0983459 0.103839 0.106792 0.101449 0.104286 0.0756668 0 0.000701628 0.00126391 0.000971656 0.000873664 0.000833469 0.000800168 0.000418458 0.000585275 0.000519393 0.000424405 0.000301802 0.000224948 0.000624547 0.000573431 0.000393866 0.000451747 0.000448568 0.000799363 0.000803478 0.000638127 0.000627461 8.41818e-05 0.000219715 0.000166693 0.000101899 0.0001613 0.00032755 0
0.46 0.344322 0.175588 0.128072 0.121286 0.126458 0.104274 0.0672651 0.0452767 0.0430742 0.0463671 0.0351374 0.0176972 0.0301869 0.0331094 0.0253109 0.0339243 0.163683 0.153752 0.154738 0.158629 0.147548 0.0977022 0.103962 0.107227 0.101863 0.104241 0.0755424 0 0.000611721 0.00133668 0.00140692 0.000970598 0.000830463 0.000827922 0.000521002 0.000786824 0.000516216 0.000359232 0.000305388 0.000214624 0.000629224 0.000514396 0.00034086 0.000401198 0.000391823 0.000905098 0.000715113 0.000489266 0.000594167 9.86681e-05 0.000166834 0.000177607 0.000121305 0.000113159 0.000291315 0
0.48 0.344322 0.175588 0.128072 0.121286 0.126458 0.104274 0.0672651 0.0452767 0.0430742 0.0463671 0.0351374 0.0176972 0.0301869 0.0331094 0.0253109 0.0339243 0.163683 0.153752 0.154738 0.158629 0.147548 0.0977022 0.103962 0.107227 0.101863 0.104241 0.0755424 0 0.000611721 0.00133668 0.00140692 0.000970598 0.000830463 0.000827922 0.000521002 0.000786824 0.000516216 0.000359232 0.000305388 0.000214624 0.000629224 0.000514396 0.00034086 0.000401198 0.000391823 0.000905098 0.000715113 0.000489266 0.000594167 9.86681e-05 0.000166834 0.000177607 0.000121305 0.000113159 0.000291315 0
0.5 0.344422 0.174092 0.129436 0.12344 0.125282 0.103329 0.0666276 0.0458301 0.0440032 0.0458695 0.0348415 0.0174017 0.0301057 0.0329749 0.0256773 0.0338396 0.163442 0.153943 0.155255 0.158515 0.147632 0.0973272 0.103988 0.107367 0.102127 0.104187 0.0755747 0 0.000519068 0.00139376 0.00113401 0.000952421 0.00103618 0.000985071 0.000530318 0.000645848 0.00046144 0.000462773 0.000420693 0.00019291 0.000533705 0.00045175 0.000323705 0.000455197 0.000306773 0.000759484 0.00057231 0.000494248 0.000592113 7.25858e-05 0.0001444 0.000173213 0.000115406 0.000179589 0.000247879 0
0.52 0.344219 0.172947 0.130898 0.123698 0.125057 0.10318 0.0660017 0.0464043 0.0440012 0.0457434 0.0347539 0.0173962 0.0300985 0.0332883 0.0259339 0.0338344 0.16299 0.154114 0.154975 0.158392 0.147497 0.097095 0.104078 0.107517 0.102294 0.104123 0.0754719 0 0.000663264 0.0013381 0.00118929 0.000944593 0.000962428 0.00100759 0.000491556 0.000671881 0.000567184 0.000430524 0.000382542 0.000257817 0.000607407 0.000617896 0.000356618 0.000413345 0.000433717 0.000820535 0.000818784 0.000571577 0.000570222 0.00010363 0.000177125 0.000194478 0.000123594 0.000179667 0.000321322 0
0.54 0.344219 0.172947 0.130898 0.123698 0.125057 0.10318 0.0660017 0.0464043 0.0440012 0.0457434 0.0347539 0.0173962 0.0300985 0.0332883 0.0259339 0.0338344 0.16299 0.154114 0.154975 0.158392 0.147497 0.097095 0.104078 0.107517 0.102294 0.104123 0.0754719 0 0.000663264 0.0013381 0.00118929 0.000944593 0.000962428 0.00100759 0.000491556 0.000671881 0.000567184 0.000430524 0.000382542 0.000257817 0.000607407 0.000617896 0.000356618 0.000413345 0.000433717 0.000820535 0.000818784 0.000571577 0.000570222 0.00010363 0.000177125 0.000194478 0.000123594 0.000179667 0.000321322 0
0.56 0.344012 0.172744 0.131125 0.124454 0.124808 0.102858 0.06581 0.0464185 0.0442919 0.0455509 0.0346048 0.0173676 0.0302523 0.0333076 0.0260977 0.0339532 0.162735 0.153938 0.15505 0.158134 0.147387 0.0969458 0.10413 0.107591 0.102306 0.104176 0.0753777 0 0.000789698 0.00120435 0.00130367 0.0018183 0.00137301 0.00116941 0.0004685 0.000679252 0.000975969 0.000583174 0.000436098 0.000297959 0.000603441 0.000830265 0.000400485 0.000501056 0.000520087 0.000896108 0.00107219 0.000637862 0.000701149 0.000103039 0.000174114 0.000242774 0.000117948 0.000150224 0.000364706 0
0.58 0.344012 0.172744 0.131125 0.124454 0.124808 0.102858 0.06581 0.0464185 0.0442919 0.0455509 0.0346048 0.0173676 0.0302523 0.0333076 0.0260977 0.0339532 0.162735 0.153938 0.15505 0.158134 0.147387 0.0969458 0.10413 0.107591 0.102306 0.104176 0.0753777 0 0.000789698 0.00120435 0.00130367 0.0018183 0.00137301 0.00116941 0.0004685 0.000679252 0.000975969 0.000583174 0.000436098 0.000297959 0.000603441 0.000830265 0.000400485 0.000501056 0.000520087 0.000896108 0.00107219 0.000637862 0.000701149 0.000103039 0.000174114 0.000242774 0.000117948 0.000150224 0.000364706 0
0.6 0.344232 0.172211 0.131532 0.124779 0.12483 0.102416 0.0656732 0.0466317 0.0444831 0.0456349 0.0344839 0.0172411 0.0300634 0.0332093 0.0260305 0.0338446 0.162858 0.154147 0.155299 0.15839 0.147482 0.0969011 0.104062 0.107623 0.102374 0.104122 0.0754747 0 0.000637638 0.00128785 0.00142227 0.00122519 0.00094357 0.00133617 0.000521996 0.000727008 0.000667305 0.000464673 0.000496693 0.000286034 0.000525305 0.00060939 0.000331424 0.000385051 0.00044977 0.000778135 0.000817809 0.000557651 0.000617498 7.58892e-05 0.000139234 0.000182762 0.000102965 8.03729e-05 0.000302047 0
0.62 0.344232 0.172211 0.131532 0.124779 0.12483 0.102416 0.0656732 0.0466317 0.0444831 0.0456349 0.0344839 0.0172411 0.0300634 0.0332093 0.0260305 0.0338446 0.162858 0.154147 0.155299 0.15839 0.147482 0.0969011 0.104062 0.107623 0.102374 0.104122 0.0754747 0 0.000637638 0.00128785 0.00142227 0.00122519 0.00094357 0.00133617 0.000521996 0.000727008 0.000667305 0.000464673 0.000496693 0.000286034 0.000525305 0.00060939 0.000331424 0.000385051 0.00044977 0.000778135 0.000817809 0.000557651 0.000617498 7.58892e-05 0.000139234 0.000182762 0.000102965 8.03729e-05 0.000302047 0
0.64 0.344148 0.171991 0.131868 0.124336 0.12507 0.102588 0.0655501 0.0467724 0.0442256 0.0457001 0.0345593 0.0172831 0.0300851 0.0334297 0.0260836 0.0338605 0.162759 0.154171 0.154991 0.158304 0.147523 0.0968851 0.104102 0.10767 0.102378 0.104157 0.0754321 0 0.000578811 0.00110405 0.001387 0.00192969 0.00112068 0.000900477 0.000402657 0.000710388 0.000913059 0.000540004 0.000333227 0.000227367 0.000523526 0.000670261 0.00033782 0.000392349 0.00035448 0.000767688 0.000791142 0.000620736 0.000561871 9.98787e-05 0.000146441 0.000250233 0.000112319 0.000163435 0.000271764 0
0.66 0.344115 0.172105 0.131455 0.124348 0.125561 0.102417 0.0656 0.0465598 0.0442293 0.0459084 0.0344542 0.0172763 0.0302037 0.0334463 0.0260647 0.0339925 0.162767 0.154011 0.155007 0.15839 0.147383 0.0968872 0.104114 0.107681 0.102404 0.104208 0.0754088 0 0.000568679 0.001643 0.00157887 0.00105077 0.00129339 0.000866976 0.000628312 0.000857247 0.000533886 0.000595567 0.000365189 0.000196878 0.000582495 0.000422128 0.000342711 0.000371597 0.00034285 0.000867334 0.000604075 0.000591991 0.000556713 7.9709e-05 0.000137211 0.000139404 9.13882e-05 0.000155186 0.000257363 0
0.68 0.344115 0.172105 0.131455 0.124348 0.125561 0.102417 0.0656 0.0465598 0.0442293 0.0459084 0.0344542 0.0172763 0.0302037 0.0334463 0.0260647 0.0339925 0.162767 0.154011 0.155007 0.15839 0.147383 0.0968872 0.104114 0.107681 0.102404 0.104208 0.0754088 0 0.000568679 0.001643 0.00157887 0.00105077 0.00129339 0.000866976 0.000628312 0.000857247 0.000533886 0.000595567 0.000365189 0.000196878 0.000582495 0.000422128 0.000342711 0.000371597 0.00034285 0.000867334 0.000604075 0.000591991 0.000556713 7.9709e-05 0.000137211 0.000139404 9.13882e-05 0.000155186 0.000257363 0
0.7 0.344122 0.171932 0.131892 0.124433 0.124995 0.102626 0.0654991 0.0467902 0.0442589 0.0456689 0.0345602 0.0173235 0.0300689 0.0334087 0.0260959 0.033883 0.162686 0.1542 0.155 0.158275 0.147496 0.0968821 0.104094 0.107641 0.102379 0.104166 0.0754234 0 0.000492981 0.000910134 0.00125978 0.00135846 0.00105732 0.000914048 0.000339037 0.000665052 0.000652087 0.000507341 0.000358856 0.000215878 0.000487015 0.000524885 0.000381816 0.000323653 0.000336046 0.000688696 0.000632478 0.0005501 0.000557195 0.000120757 0.000148439 0.000185506 0.000103607 0.000126297 0.000236691 0
0.72 0.344122 0.171932 0.131892 0.124433 0.124995 0.102626 0.0654991 0.0467902 0.0442589 0.0456689 0.0345602 0.0173235 0.0300689 0.0334087 0.0260959 0.033883 0.162686 0.1542 0.155 0.158275 0.147496 0.0968821 0.104094 0.107641 0.102379 0.104166 0.0754234 0 0.000492981 0.000910134 0.00125978 0.00135846 0.00105732 0.000914048 0.000339037 0.000665052 0.000652087 0.000507341 0.000358856 0.000215878 0.000487015 0.000524885 0.000381816 0.000323653 0.000336046 0.000688696 0.000632478 0.0005501 0.000557195 0.000120757 0.000148439 0.000185506 0.000103607 0.000126297 0.000236691 0
0.74 0.343944 0.172799 0.131046 0.124998 0.124793 0.102422 0.0658172 0.0463409 0.0444747 0.0455237 0.0344283 0.0172656 0.0303624 0.0333824 0.0262265 0.0340496 0.162683 0.153789 0.155035 0.158087 0.147274 0.0968357 0.104162 0.107639 0.102395 0.104201 0.0753412 0 0.000614656 0.00159426 0.0015169 0.00131447 0.000859968 0.000994332 0.000601537 0.000782266 0.000675416 0.000427245 0.000426168 0.000246278 0.000595884 0.000556288 0.000355163 0.000455921 0.000429152 0.000791008 0.000771661 0.000578835 0.00069116 9.54738e-05 0.00018203 0.000159353 0.000105804 0.000154554 0.000283743 0
0.76 0.344345 0.171864 0.131997 0.124708 0.124999 0.102087 0.0655191 0.0469136 0.0444538 0.045748 0.0344262 0.0171726 0.0298806 0.0331126 0.0259486 0.0337678 0.1628 0.154442 0.155307 0.158518 0.147688 0.0968129 0.10406 0.107525 0.102355 0.104144 0.0755352 0 0.000699525 0.00114439 0.00104979 0.000893291 0.00115044 0.000930686 0.000349411 0.000661586 0.00049195 0.000516908 0.000360031 0.000289673 0.00064456 0.00060258 0.000410836 0.000493283 0.00047731 0.000854953 0.000743103 0.00063459 0.000709841 0.000104729 0.000182247 0.000227309 9.91511e-05 0.000165874 0.000339924 0
0.78 0.344345 0.171864 0.131997 0.124708 0.124999 0.102087 0.0655191 0.0469136 0.0444538 0.045748 0.0344262 0.0171726 0.0298806 0.0331126 0.0259486 0.0337678 0.1628 0.154442 0.155307 0.158518 0.147688 0.0968129 0.10406 0.107525 0.102355 0.104144 0.0755352 0 0.000699525 0.00114439 0.00104979 0.000893291 0.00115044 0.000930686 0.000349411 0.000661586 0.00049195 0.000516908 0.000360031 0.000289673 0.00064456 0.00060258 0.000410836 0.000493283 0.00047731 0.000854953 0.000743103 0.00063459 0.000709841 0.000104729 0.000182247 0.000227309 9.91511e-05 0.000165874 0.000339924 0
0.8 0.343974 0.172471 0.131703 0.124445 0.125299 0.102107 0.0657105 0.04664 0.0442339 0.0457692 0.034279 0.0172411 0.030156 0.0334639 0.0260752 0.0340643 0.162717 0.154003 0.154909 0.158284 0.147126 0.0968231 0.104072 0.107656 0.102368 0.104145 0.0753638 0 0.000650266 0.00108276 0.00100514 0.00131645 0.000955566 0.00109091 0.000411953 0.000551271 0.000737106 0.000396921 0.000427499 0.000253392 0.000541749 0.000733554 0.000334434 0.0004208 0.000469186 0.000744825 0.00084115 0.000516322 0.000589595 8.5519e-05 0.000146706 0.000267967 0.000100614 0.000135928 0.000313793 0
0.82 0.343974 0.172471 0.131703 0.124445 0.125299 0.102107 0.0657105 0.04664 0.0442339 0.0457692 0.034279 0.0172411 0.030156 0.0334639 0.0260752 0.0340643 0.162717 0.154003 0.154909 0.158284 0.147126 0.0968231 0.104072 0.107656 0.102368 0.104145 0.0753638 0 0.000650266 0.00108276 0.00100514 0.00131645 0.000955566 0.00109091 0.000411953 0.000551271 0.000737106 0.000396921 0.000427499 0.000253392 0.000541749 0.000733554 0.000334434 0.0004208 0.000469186 0.000744825 0.00084115 0.000516322 0.000589595 8.5519e-05 0.000146706 0.000267967 0.000100614 0.000135928 0.000313793 0
0.84 0.344285 0.171731 0.132049 0.124599 0.124901 0.102434 0.0654649 0.0468958 0.0443934 0.0456813 0.0345224 0.0172371 0.0299369 0.0332514 0.0260031 0.0337986 0.162794 0.154373 0.155234 0.158444 0.147587 0.0968616 0.104064 0.107622 0.102372 0.104132 0.0754955 0 0.000584924 0.00131682 0.00126194 0.00144015 0.00113477 0.00112414 0.000501732 0.000649301 0.000710379 0.000532335 0.000443685 0.000239495 0.00050928 0.000566763 0.000334634 0.000347059 0.000396925 0.000694273 0.000715304 0.000591903 0.000575667 5.98027e-05 0.000146803 0.000205588 8.17572e-05 0.0001276 0.000272001 0
0.86 0.344285 0.171731 0.132049 0.124599 0.124901 0.102434 0.0654649 0.0468958 0.0443934 0.0456813 0.0345224 0.0172371 0.0299369 0.0332514 0.0260031 0.0337986 0.162794 0.154373 0.155234 0.158444 0.147587 0.0968616 0.104064 0.107622 0.102372 0.104132 0.0754955 0 0.000584924 0.00131682 0.00126194 0.00144015 0.00113477 0.00112414 0.000501732 0.000649301 0.000710379 0.000532335 0.000443685 0.000239495 0.00050928 0.000566763 0.000334634 0.000347059 0.000396925 0.000694273 0.000715304 0.000591903 0.000575667 5.98027e-05 0.000146803 0.000205588 8.17572e-05 0.0001276 0.000272001 0
0.88 0.344126 0.172335 0.131582 0.124726 0.125102 0.102129 0.0656993 0.0466207 0.0444435 0.0457255 0.034329 0.0172055 0.0301292 0.0332842 0.0260318 0.0339838 0.162771 0.154018 0.155224 0.15835 0.147247 0.0968315 0.104055 0.107638 0.102351 0.104133 0.0754369 0 0.00065652 0.00112869 0.00121907 0.00154884 0.00126905 0.00126031 0.000377688 0.000665718 0.00084034 0.000560839 0.000470299 0.000232017 0.00053685 0.000669999 0.000336041 0.000374521 0.000427684 0.000747971 0.000947681 0.000521973 0.000584171 9.73672e-05 0.000175957 0.000175988 8.95619e-05 0.000120089 0.000304698 0
0.9 0.344192 0.172296 0.131787 0.124399 0.125272 0.102053 0.065683 0.0467592 0.0442645 0.0458158 0.0343343 0.0172066 0.0300683 0.0333459 0.0260445 0.034012 0.162779 0.154236 0.155039 0.158431 0.147368 0.096821 0.104118 0.107605 0.102408 0.10423 0.0754513 0 0.00049735 0.00103335 0.00108558 0.000959077 0.000839886 0.00097319 0.000364705 0.00059459 0.000505915 0.000420891 0.00039533 0.000213068 0.000499895 0.000493558 0.000347538 0.000391463 0.000299194 0.000747762 0.000554264 0.000554268 0.000568963 0.000114534 0.000129716 0.000220357 9.28755e-05 0.000160177 0.000243116 0
0.92 0.344192 0.172296 0.131787 0.124399 0.125272 0.102053 0.065683 0.0467592 0.0442645 0.0458158 0.0343343 0.0172066 0.0300683 0.0333459 0.0260445 0.034012 0.162779 0.154236 0.155039 0.158431 0.147368 0.096821 0.104118 0.107605 0.102408 0.10423 0.0754513 0 0.00049735 0.00103335 0.00108558 0.000959077 0.000839886 0.00097319 0.000364705 0.00059459 0.000505915 0.000420891 0.00039533 0.000213068 0.000499895 0.000493558 0.000347538 0.000391463 0.000299194 0.000747762 0.000554264 0.000554268 0.000568963 0.000114534 0.000129716 0.000220357 9.28755e-05 0.000160177 0.000243116 0
0.94 0.34421 0.171742 0.132075 0.12414 0.125402 0.102431 0.0654368 0.0468911 0.0441597 0.0458717 0.0345166 0.0172341 0.0299883 0.0334143 0.026019 0.033837 0.162699 0.154323 0.155025 0.158466 0.147588 0.0968184 0.104091 0.107665 0.102399 0.104179 0.075456 0 0.000577424 0.00117639 0.00143342 0.0012711 0.000969087 0.00121198 0.000402699 0.000787316 0.000585855 0.000526262 0.000458846 0.000224932 0.000632443 0.000487119 0.000421548 0.000402488 0.00039577 0.000884092 0.000562454 0.000712246 0.000513414 0.000119111 0.000165438 0.000202625 0.000115997 0.000180283 0.000276096 0
0.96 0.34421 0.171742 0.132075 0.12414 0.125402 0.102431 0.0654368 0.0468911 0.0441597 0.0458717 0.0345166 0.0172341 0.0299883 0.0334143 0.026019 0.033837 0.162699 0.154323 0.155025 0.158466 0.147588 0.0968184 0.104091 0.107665 0.102399 0.104179 0.075456 0 0.000577424 0.00117639 0.00143342 0.0012711 0.000969087 0.00121198 0.000402699 0.000787316 0.000585855 0.000526262 0.000458846 0.000224932 0.000632443 0.000487119 0.000421548 0.000402488 0.00039577 0.000884092 0.000562454 0.000712246 0.000513414 0.000119111 0.000165438 0.000202625 0.000115997 0.000180283 0.000276096 0
0.98 0.34421 0.171742 0.132075 0.12414 0.125402 0.102431 0.0654368 0.0468911 0.0441597 0.0458717 0.0345166 0.0172341 0.0299883 0.0334143 0.026019 0.033837 0.162699 0.154323 0.155025 0.158466 0.147588 0.0968184 0.104091 0.107665 0.102399 0.104179 0.075456 0 0.000577424 0.00117639 0.00143342 0.0012711 0.000969087 0.00121198 0.000402699 0.000787316 0.000585855 0.000526262 0.000458846 0.000224932 0.000632443 0.000487119 0.000421548 0.000402488 0.00039577 0.000884092 0.000562454 0.000712246 0.000513414 0.000119111 0.000165438 0.000202625 0.000115997 0.000180283 0.000276096 0
1 0.34421 0.171742 0.132075 0.12414 0.125402 0.102431 0.0654368 0.0468911 0.0441597 0.0458717 0.0345166 0.0172341 0.0299883 0.0334143 0.026019 0.033837 0.162699 0.154323 0.155025 0.158466 0.147588 0.0968184 0.104091 0.107665 0.102399 0.104179 0.075456 0 0.000577424 0.00117639 0.00143342 0.0012711 0.000969087 0.00121198 0.000402699 0.000787316 0.000585855 0.000526262 0.000458846 0.000224932 0.000632443 0.000487119 0.000421548 0.000402488 0.00039577 0.000884092 0.000562454 0.000712246 0.000513414 0.000119111 0.000165438 0.000202625 0.000115997 0.000180283 0.000276096 0
