# Table 
0 0.878479 0.0343418 0.0101402 0.0193233 0.0147785 0.0429368 0.188897 0.0585037 0.119581 0.0875699 0.259434 0.152653 0.111604 0.0619734 0.0874648 0.0783468 1.03576 1.04991 1.08107 1.05616 1.06885 0.609055 0.590612 0.57642 0.579384 0.580463 0.488573 0 0.000199212 0.000529348 0.00043366 0.000427094 0.000241951 0.000494664 0.00307715 0.00284351 0.00287258 0.00160454 0.00343173 0.00227753 0.00367969 0.00178591 0.0022152 0.00164542 0.00141714 0.0025544 0.00126938 0.00153102 0.00129329 0.000931563 0.00105356 0.000623441 0.000742922 0.000563059 0.00125935 0
0.02 0.878568 0.0340629 0.0101384 0.0194718 0.014673 0.0430862 0.187379 0.0585526 0.120663 0.0869075 0.260714 0.152292 0.110505 0.0611893 0.0870687 0.0773839 1.03614 1.05053 1.08175 1.05628 1.06965 0.609089 0.590241 0.576323 0.579253 0.580284 0.489111 0 0.000204554 0.000605852 0.000216773 0.000363207 0.000183353 0.000524176 0.00380449 0.00138397 0.00247358 0.00114845 0.00362775 0.00265983 0.00219154 0.00185162 0.00183929 0.00171616 0.00190581 0.00173594 0.00142762 0.00159601 0.00151386 0.000729928 0.00082834 0.000555155 0.000442639 0.000359527 0.0012844 0
0.04 0.878587 0.034042 0.0101964 0.0194253 0.0146444 0.0431048 0.187431 0.0589168 0.120376 0.0867185 0.260807 0.152389 0.109762 0.0614541 0.0870082 0.0776221 1.03629 1.05073 1.08173 1.05619 1.06964 0.609296 0.58966 0.576529 0.578958 0.580465 0.489215 0 0.000319255 0.000653447 0.000301072 0.0003739 0.000238139 0.000608048 0.00405826 0.00201267 0.00248767 0.00144738 0.00414807 0.00371071 0.00422461 0.00238291 0.00267977 0.00213924 0.00258527 0.00318421 0.00189634 0.00195797 0.00174553 0.00111325 0.0010672 0.000793393 0.000704254 0.000574148 0.00203119 0
0.06 0.878587 0.034042 0.0101964 0.0194253 0.0146444 0.0431048 0.187431 0.0589168 0.120376 0.0867185 0.260807 0.152389 0.109762 0.0614541 0.0870082 0.0776221 1.03629 1.05073 1.08173 1.05619 1.06964 0.609296 0.58966 0.576529 0.578958 0.580465 0.489215 0 0.000319255 0.000653447 0.000301072 0.0003739 0.000238139 0.000608048 0.00405826 0.00201267 0.00248767 0.00144738 0.00414807 0.00371071 0.00422461 0.00238291 0.00267977 0.00213924 0.00258527 0.00318421 0.00189634 0.00195797 0.00174553 0.00111325 0.0010672 0.000793393 0.000704254 0.000574148 0.00203119 0
0.08 0.878536 0.0341227 0.0102203 0.0193302 0.0147098 0.0430812 0.187711 0.0590604 0.119645 0.0871465 0.260566 0.152623 0.110295 0.0619622 0.0871971 0.0776582 1.03593 1.05074 1.08118 1.05624 1.0694 0.609162 0.590189 0.576467 0.579229 0.580345 0.488905 0 0.000224143 0.000580245 0.000295655 0.000334125 0.000170012 0.000405954 0.00358374 0.00194329 0.00222407 0.0011139 0.00277785 0.0025006 0.0034472 0.00155942 0.00240348 0.0013821 0.00181099 0.00228029 0.00118369 0.00178324 0.00129513 0.000709463 0.00109464 0.000514731 0.000736538 0.00042377 0.00141551 0
0.1 0.878536 0.0341227 0.0102203 0.0193302 0.0147098 0.0430812 0.187711 0.0590604 0.119645 0.0871465 0.260566 0.152623 0.110295 0.0619622 0.0871971 0.0776582 1.03593 1.05074 1.08118 1.05624 1.0694 0.609162 0.590189 0.576467 0.579229 0.580345 0.488905 0 0.000224143 0.000580245 0.000295655 0.000334125 0.000170012 0.000405954 0.00358374 0.00194329 0.00222407 0.0011139 0.00277785 0.0025006 0.0034472 0.00155942 0.00240348 0.0013821 0.00181099 0.00228029 0.00118369 0.00178324 0.00129513 0.000709463 0.00109464 0.000514731 0.000736538 0.00042377 0.00141551 0
0.12 0.878516 0.034232 0.0102215 0.019335 0.0147293 0.0429664 0.188363 0.0590402 0.119677 0.0872699 0.259732 0.152817 0.110644 0.0619292 0.0873634 0.0781204 1.03574 1.05036 1.08109 1.05609 1.06901 0.609239 0.590173 0.576482 0.579296 0.580412 0.488765 0 0.000244555 0.000543593 0.000235878 0.000381431 0.000190212 0.000406696 0.00363668 0.00158462 0.00248986 0.00121137 0.00270589 0.003031 0.00349862 0.00172525 0.00242937 0.00152786 0.00224187 0.00247737 0.00145996 0.00181025 0.0012343 0.000833571 0.00104613 0.000646968 0.000671018 0.000408115 0.0015916 0
0.14 0.878506 0.0339803 0.010184 0.0194658 0.0146544 0.0432095 0.18673 0.0587509 0.12054 0.0866385 0.261366 0.153219 0.110652 0.0618911 0.0879259 0.0777083 1.03556 1.04997 1.0814 1.05538 1.06949 0.609335 0.589857 0.576665 0.579125 0.580396 0.48876 0 0.000285649 0.000460796 0.000309803 0.00037512 0.00019646 0.000452423 0.00283182 0.00211763 0.00233883 0.00123454 0.00311072 0.00319624 0.00411803 0.00140276 0.00276306 0.00189122 0.00228635 0.00311468 0.00138335 0.00201549 0.00160847 0.000973024 0.00122403 0.000523691 0.000929431 0.000490044 0.00178058 0
0.16 0.878506 0.0339803 0.010184 0.0194658 0.0146544 0.0432095 0.18673 0.0587509 0.12054 0.0866385 0.261366 0.153219 0.110652 0.0618911 0.0879259 0.0777083 1.03556 1.04997 1.0814 1.05538 1.06949 0.609335 0.589857 0.576665 0.579125 0.580396 0.48876 0 0.000285649 0.000460796 0.000309803 0.00037512 0.00019646 0.000452423 0.00283182 0.00211763 0.00233883 0.00123454 0.00311072 0.00319624 0.00411803 0.00140276 0.00276306 0.00189122 0.00228635 0.00311468 0.00138335 0.00201549 0.00160847 0.000973024 0.00122403 0.000523691 0.000929431 0.000490044 0.00178058 0
0.18 0.878415 0.0341067 0.0101534 0.0194288 0.0146995 0.043197 0.187221 0.0584731 0.120203 0.0868623 0.261018 0.154043 0.111941 0.06239 0.0886038 0.0783311 1.03493 1.04919 1.08088 1.05504 1.06887 0.609539 0.5902 0.576671 0.579397 0.580507 0.48812 0 0.000208648 0.000503632 0.0002584 0.000292994 0.000182778 0.000547366 0.00296686 0.00170196 0.00202867 0.00119072 0.00372589 0.00254314 0.00327304 0.00173279 0.00217164 0.00143991 0.0018127 0.00220616 0.00138699 0.0017606 0.00127535 0.000829625 0.00101324 0.000498445 0.000628272 0.000330256 0.00130915 0
0.2 0.878415 0.0341067 0.0101534 0.0194288 0.0146995 0.043197 0.187221 0.0584731 0.120203 0.0868623 0.261018 0.154043 0.111941 0.06239 0.0886038 0.0783311 1.03493 1.04919 1.08088 1.05504 1.06887 0.609539 0.5902 0.576671 0.579397 0.580507 0.48812 0 0.000208648 0.000503632 0.0002584 0.000292994 0.000182778 0.000547366 0.00296686 0.00170196 0.00202867 0.00119072 0.00372589 0.00254314 0.00327304 0.00173279 0.00217164 0.00143991 0.0018127 0.00220616 0.00138699 0.0017606 0.00127535 0.000829625 0.00101324 0.000498445 0.000628272 0.000330256 0.00130915 0
0.22 0.878453 0.0341879 0.0101911 0.019361 0.0147281 0.0430792 0.187875 0.0587781 0.119787 0.0871732 0.260277 0.15353 0.111268 0.0621932 0.0878712 0.0782042 1.03543 1.04975 1.08098 1.05579 1.06888 0.609554 0.590167 0.576491 0.579477 0.580345 0.488403 0 0.000221978 0.000454009 0.000294777 0.000354762 0.000213162 0.000468434 0.00283978 0.00204232 0.00236219 0.00134909 0.00315109 0.00261538 0.0041373 0.00170523 0.00234071 0.00159957 0.00192341 0.00300864 0.00133981 0.00170599 0.00127004 0.00078893 0.00121589 0.000548743 0.000705097 0.00041118 0.00141584 0
0.24 0.878453 0.0341879 0.0101911 0.019361 0.0147281 0.0430792 0.187875 0.0587781 0.119787 0.0871732 0.260277 0.15353 0.111268 0.0621932 0.0878712 0.0782042 1.03543 1.04975 1.08098 1.05579 1.06888 0.609554 0.590167 0.576491 0.579477 0.580345 0.488403 0 0.000221978 0.000454009 0.000294777 0.000354762 0.000213162 0.000468434 0.00283978 0.00204232 0.00236219 0.00134909 0.00315109 0.00261538 0.0041373 0.00170523 0.00234071 0.00159957 0.00192341 0.00300864 0.00133981 0.00170599 0.00127004 0.00078893 0.00121589 0.000548743 0.000705097 0.00041118 0.00141584 0
0.26 0.87847 0.0339946 0.0101496 0.0194283 0.0146873 0.0432698 0.1866 0.0585247 0.120247 0.0868871 0.261666 0.153993 0.111493 0.0620941 0.0881239 0.0777677 1.03508 1.04973 1.0811 1.05567 1.06933 0.609598 0.590312 0.576484 0.57952 0.580362 0.488477 0 0.000180794 0.000544363 0.000281516 0.000307649 0.000182741 0.000601781 0.00363149 0.00189416 0.00205168 0.00125335 0.00397639 0.00298303 0.00316529 0.00146688 0.00206957 0.00137096 0.00202539 0.00234834 0.00116787 0.00159043 0.00105881 0.000999814 0.0009034 0.000496939 0.00070514 0.00045903 0.00115532 0
0.28 0.878605 0.0339957 0.0100694 0.0194683 0.0145981 0.0432631 0.18713 0.0581336 0.120675 0.0864653 0.261913 0.152464 0.110592 0.0608812 0.087271 0.0770088 1.0362 1.05037 1.08188 1.05617 1.06987 0.609292 0.590014 0.576271 0.579289 0.580184 0.489336 0 0.0002624 0.000480057 0.000325331 0.000294122 0.000209208 0.000491162 0.00321464 0.00216537 0.00192705 0.00135219 0.00318118 0.00325646 0.0038072 0.0019016 0.00279131 0.00163691 0.00239812 0.00296162 0.00128604 0.00227022 0.00131393 0.000884311 0.00104781 0.000672409 0.000682649 0.000467644 0.00166277 0
0.3 0.878605 0.0339957 0.0100694 0.0194683 0.0145981 0.0432631 0.18713 0.0581336 0.120675 0.0864653 0.261913 0.152464 0.110592 0.0608812 0.087271 0.0770088 1.0362 1.05037 1.08188 1.05617 1.06987 0.609292 0.590014 0.576271 0.579289 0.580184 0.489336 0 0.0002624 0.000480057 0.000325331 0.000294122 0.000209208 0.000491162 0.00321464 0.00216537 0.00192705 0.00135219 0.00318118 0.00325646 0.0038072 0.0019016 0.00279131 0.00163691 0.00239812 0.00296162 0.00128604 0.00227022 0.00131393 0.000884311 0.00104781 0.000672409 0.000682649 0.000467644 0.00166277 0
0.32 0.878592 0.0343964 0.0102027 0.019262 0.0147203 0.0428268 0.189745 0.058983 0.119321 0.0873002 0.25897 0.150708 0.109941 0.0615252 0.0860485 0.0778723 1.03723 1.05094 1.08169 1.05672 1.06935 0.608697 0.590051 0.576489 0.578798 0.580424 0.489276 0 0.000245766 0.000557997 0.000232798 0.00033305 0.000181007 0.000459073 0.00329286 0.00160156 0.00217854 0.00122931 0.00323673 0.00285147 0.00303488 0.00131272 0.00272045 0.00184239 0.00174306 0.00221837 0.00137933 0.00203866 0.00156141 0.00107039 0.000923374 0.000530682 0.000808792 0.000453254 0.00158916 0
0.34 0.878592 0.0343964 0.0102027 0.019262 0.0147203 0.0428268 0.189745 0.058983 0.119321 0.0873002 0.25897 0.150708 0.109941 0.0615252 0.0860485 0.0778723 1.03723 1.05094 1.08169 1.05672 1.06935 0.608697 0.590051 0.576489 0.578798 0.580424 0.489276 0 0.000245766 0.000557997 0.000232798 0.00033305 0.000181007 0.000459073 0.00329286 0.00160156 0.00217854 0.00122931 0.00323673 0.00285147 0.00303488 0.00131272 0.00272045 0.00184239 0.00174306 0.00221837 0.00137933 0.00203866 0.00156141 0.00107039 0.000923374 0.000530682 0.000808792 0.000453254 0.00158916 0
0.36 0.878523 0.0339393 0.010158 0.0194567 0.014657 0.0432657 0.186559 0.058555 0.120472 0.086689 0.26178 0.153078 0.111278 0.061849 0.0878032 0.0776241 1.03575 1.04966 1.08136 1.05543 1.06965 0.609334 0.590114 0.576596 0.579123 0.580508 0.488802 0 0.000250916 0.000606034 0.000307479 0.000332639 0.000208982 0.000536493 0.00373928 0.00208841 0.0021697 0.00131212 0.00368072 0.00318027 0.00376075 0.00167727 0.00272767 0.00173308 0.00227149 0.00274749 0.00137261 0.0020156 0.00153123 0.000876837 0.000918847 0.00070289 0.000828281 0.000493434 0.00158557 0
0.38 0.878476 0.034208 0.0101886 0.0193707 0.014779 0.0429775 0.188193 0.0587118 0.119872 0.087468 0.259665 0.152418 0.111682 0.0622943 0.0872309 0.0785177 1.0362 1.04959 1.08107 1.05591 1.06895 0.609153 0.590317 0.576757 0.579007 0.580701 0.488481 0 0.000216655 0.000709132 0.000282834 0.000316902 0.000248998 0.000615881 0.00426072 0.00183937 0.0021422 0.00157818 0.00447254 0.0026181 0.00336552 0.00160296 0.00228923 0.00208959 0.0016553 0.00219362 0.0013685 0.00152871 0.00175248 0.00092905 0.00129854 0.000469799 0.000696596 0.000509624 0.0013982 0
0.4 0.878476 0.034208 0.0101886 0.0193707 0.014779 0.0429775 0.188193 0.0587118 0.119872 0.087468 0.259665 0.152418 0.111682 0.0622943 0.0872309 0.0785177 1.0362 1.04959 1.08107 1.05591 1.06895 0.609153 0.590317 0.576757 0.579007 0.580701 0.488481 0 0.000216655 0.000709132 0.000282834 0.000316902 0.000248998 0.000615881 0.00426072 0.00183937 0.0021422 0.00157818 0.00447254 0.0026181 0.00336552 0.00160296 0.00228923 0.00208959 0.0016553 0.00219362 0.0013685 0.00152871 0.00175248 0.00092905 0.00129854 0.000469799 0.000696596 0.000509624 0.0013982 0
0.42 0.878494 0.0342749 0.010211 0.0193159 0.0147628 0.0429413 0.188908 0.0588119 0.119461 0.0874173 0.259319 0.151766 0.111774 0.0624544 0.0870336 0.0785044 1.03736 1.04937 1.08091 1.05623 1.06872 0.609359 0.590273 0.576698 0.579121 0.580461 0.488588 0 0.000213708 0.000615419 0.000210305 0.000389649 0.000239675 0.000634012 0.00414418 0.00145889 0.00254418 0.00156052 0.00424118 0.00351683 0.00310253 0.00146779 0.00268759 0.00164012 0.00232235 0.00222772 0.00135476 0.00193172 0.00139876 0.00103156 0.000883934 0.000330619 0.000687353 0.000371406 0.00135369 0
0.44 0.878494 0.0342749 0.010211 0.0193159 0.0147628 0.0429413 0.188908 0.0588119 0.119461 0.0874173 0.259319 0.151766 0.111774 0.0624544 0.0870336 0.0785044 1.03736 1.04937 1.08091 1.05623 1.06872 0.609359 0.590273 0.576698 0.579121 0.580461 0.488588 0 0.000213708 0.000615419 0.000210305 0.000389649 0.000239675 0.000634012 0.00414418 0.00145889 0.00254418 0.00156052 0.00424118 0.00351683 0.00310253 0.00146779 0.00268759 0.00164012 0.00232235 0.00222772 0.00135476 0.00193172 0.00139876 0.00103156 0.000883934 0.000330619 0.000687353 0.000371406 0.00135369 0
0.46 0.8785 0.0345104 0.0103522 0.0191426 0.0149475 0.0425474 0.190767 0.0596333 0.118253 0.0886274 0.256562 0.150113 0.111868 0.0635627 0.0864412 0.0797327 1.03902 1.04976 1.08036 1.05681 1.06805 0.609129 0.59041 0.577088 0.579032 0.580903 0.488578 0 0.000267802 0.000554169 0.000230342 0.000356385 0.000224526 0.00039113 0.00347942 0.00147163 0.00239757 0.0013461 0.00277633 0.00323854 0.00303266 0.00196759 0.00251107 0.00207785 0.00229567 0.00215761 0.00168706 0.00196735 0.00160626 0.000869629 0.000855961 0.000570747 0.000696247 0.000547914 0.00169617 0
0.48 0.8785 0.0345104 0.0103522 0.0191426 0.0149475 0.0425474 0.190767 0.0596333 0.118253 0.0886274 0.256562 0.150113 0.111868 0.0635627 0.0864412 0.0797327 1.03902 1.04976 1.08036 1.05681 1.06805 0.609129 0.59041 0.577088 0.579032 0.580903 0.488578 0 0.000267802 0.000554169 0.000230342 0.000356385 0.000224526 0.00039113 0.00347942 0.00147163 0.00239757 0.0013461 0.00277633 0.00323854 0.00303266 0.00196759 0.00251107 0.00207785 0.00229567 0.00215761 0.00168706 0.00196735 0.00160626 0.000869629 0.000855961 0.000570747 0.000696247 0.000547914 0.00169617 0
0.5 0.87844 0.0349121 0.0104674 0.0190057 0.0151903 0.0419844 0.193825 0.0601259 0.117125 0.0901222 0.252342 0.148391 0.113629 0.0648009 0.0861058 0.0818712 1.04137 1.04828 1.07912 1.05697 1.06644 0.609257 0.590797 0.577126 0.578966 0.581344 0.488113 0 0.000242138 0.000399888 0.000348205 0.000286499 0.000237634 0.000557565 0.00288387 0.0022237 0.00199339 0.00147221 0.00360519 0.00283415 0.00314015 0.00195786 0.00240932 0.00167475 0.00200521 0.00230868 0.00171133 0.00184631 0.00122069 0.000858715 0.000827357 0.000566722 0.000622962 0.000487265 0.0015249 0
0.52 0.878342 0.0352409 0.0107182 0.0187427 0.0155987 0.0413574 0.196547 0.061288 0.115051 0.0926007 0.247548 0.145604 0.116251 0.0675059 0.0848473 0.0844504 1.04452 1.04657 1.07741 1.05731 1.06462 0.608901 0.591467 0.57784 0.578365 0.581998 0.487428 0 0.000216251 0.000449859 0.000220219 0.000355251 0.00016942 0.000400147 0.00291547 0.00153725 0.0023176 0.00117661 0.00272886 0.00266483 0.00340998 0.00170819 0.00254523 0.00151349 0.00184762 0.0024903 0.001303 0.00161551 0.00131709 0.000848938 0.000992273 0.000557615 0.000788094 0.000410169 0.00139369 0
0.54 0.878342 0.0352409 0.0107182 0.0187427 0.0155987 0.0413574 0.196547 0.061288 0.115051 0.0926007 0.247548 0.145604 0.116251 0.0675059 0.0848473 0.0844504 1.04452 1.04657 1.07741 1.05731 1.06462 0.608901 0.591467 0.57784 0.578365 0.581998 0.487428 0 0.000216251 0.000449859 0.000220219 0.000355251 0.00016942 0.000400147 0.00291547 0.00153725 0.0023176 0.00117661 0.00272886 0.00266483 0.00340998 0.00170819 0.00254523 0.00151349 0.00184762 0.0024903 0.001303 0.00161551 0.00131709 0.000848938 0.000992273 0.000557615 0.000788094 0.000410169 0.00139369 0
0.56 0.878457 0.0355268 0.0111074 0.0186112 0.016005 0.0402923 0.200235 0.0633923 0.113886 0.0953619 0.240139 0.140385 0.117087 0.0694365 0.0824185 0.0870072 1.05049 1.04597 1.07614 1.0588 1.06285 0.608712 0.591506 0.57834 0.577665 0.582578 0.488058 0 0.000203423 0.000613841 0.000267509 0.000368972 0.000253284 0.000598419 0.00382122 0.00170116 0.00251913 0.00161016 0.00422262 0.00256444 0.00250032 0.00194302 0.00184833 0.00208307 0.00154847 0.00169103 0.00157965 0.00143185 0.00167428 0.000921416 0.000709066 0.0005343 0.000571002 0.000468516 0.00133543 0
0.58 0.878457 0.0355268 0.0111074 0.0186112 0.016005 0.0402923 0.200235 0.0633923 0.113886 0.0953619 0.240139 0.140385 0.117087 0.0694365 0.0824185 0.0870072 1.05049 1.04597 1.07614 1.0588 1.06285 0.608712 0.591506 0.57834 0.577665 0.582578 0.488058 0 0.000203423 0.000613841 0.000267509 0.000368972 0.000253284 0.000598419 0.00382122 0.00170116 0.00251913 0.00161016 0.00422262 0.00256444 0.00250032 0.00194302 0.00184833 0.00208307 0.00154847 0.00169103 0.00157965 0.00143185 0.00167428 0.000921416 0.000709066 0.0005343 0.000571002 0.000468516 0.00133543 0
0.6 0.878604 0.0361581 0.011728 0.0181157 0.0168225 0.0385722 0.206821 0.0667562 0.110158 0.100825 0.228395 0.131712 0.11844 0.0735232 0.0779874 0.0911558 1.05842 1.04576 1.07364 1.06173 1.06041 0.60728 0.591959 0.579492 0.576599 0.58382 0.488805 0 0.000167654 0.000511316 0.000252712 0.000359998 0.000183983 0.0003357 0.00336201 0.00169734 0.00239113 0.00123059 0.00232754 0.00228449 0.0030231 0.00177719 0.00180088 0.00139254 0.00138616 0.00219741 0.00134713 0.00147338 0.00118546 0.000844641 0.0008059 0.0005438 0.000482717 0.000429731 0.00106447 0
0.62 0.878604 0.0361581 0.011728 0.0181157 0.0168225 0.0385722 0.206821 0.0667562 0.110158 0.100825 0.228395 0.131712 0.11844 0.0735232 0.0779874 0.0911558 1.05842 1.04576 1.07364 1.06173 1.06041 0.60728 0.591959 0.579492 0.576599 0.58382 0.488805 0 0.000167654 0.000511316 0.000252712 0.000359998 0.000183983 0.0003357 0.00336201 0.00169734 0.00239113 0.00123059 0.00232754 0.00228449 0.0030231 0.00177719 0.00180088 0.00139254 0.00138616 0.00219741 0.00134713 0.00147338 0.00118546 0.000844641 0.0008059 0.0005438 0.000482717 0.000429731 0.00106447 0
0.64 0.878924 0.0363979 0.0127121 0.0176775 0.0179519 0.0363365 0.211682 0.0724209 0.106757 0.108459 0.213868 0.121277 0.117928 0.0784001 0.0722374 0.0952288 1.06751 1.04703 1.07123 1.06609 1.05847 0.605374 0.592224 0.581308 0.575336 0.585257 0.490634 0 0.000203376 0.000620699 0.000232118 0.000426442 0.000243013 0.000497764 0.0039986 0.00145901 0.00296512 0.00147354 0.00352762 0.00187554 0.00237325 0.00299679 0.00179781 0.0022792 0.00116954 0.00188683 0.00197551 0.00134502 0.00174774 0.000693714 0.000630923 0.000838089 0.000467155 0.000581915 0.00134017 0
0.66 0.879547 0.0363981 0.0142 0.0169991 0.0196547 0.0332009 0.215986 0.0815977 0.10185 0.120368 0.194376 0.107988 0.112743 0.0835646 0.0633528 0.0986799 1.07801 1.05227 1.069 1.07342 1.0575 0.60259 0.591752 0.583079 0.573852 0.586697 0.494446 0 0.000187194 0.000517009 0.000278173 0.000280663 0.000223797 0.000407441 0.00353845 0.00171835 0.00197401 0.00138773 0.00268998 0.00204329 0.0020603 0.00238444 0.00163319 0.00170176 0.00129172 0.00159432 0.00203675 0.00117416 0.0013737 0.000747432 0.000734771 0.00055807 0.000488288 0.000380486 0.00121644 0
0.68 0.879547 0.0363981 0.0142 0.0169991 0.0196547 0.0332009 0.215986 0.0815977 0.10185 0.120368 0.194376 0.107988 0.112743 0.0835646 0.0633528 0.0986799 1.07801 1.05227 1.069 1.07342 1.0575 0.60259 0.591752 0.583079 0.573852 0.586697 0.494446 0 0.000187194 0.000517009 0.000278173 0.000280663 0.000223797 0.000407441 0.00353845 0.00171835 0.00197401 0.00138773 0.00268998 0.00204329 0.0020603 0.00238444 0.00163319 0.00170176 0.00129172 0.00159432 0.00203675 0.00117416 0.0013737 0.000747432 0.000734771 0.00055807 0.000488288 0.000380486 0.00121644 0
0.7 0.880311 0.0350188 0.016718 0.0165675 0.0219958 0.0293889 0.211624 0.0974926 0.0982782 0.136219 0.171755 0.094651 0.103407 0.0906025 0.0563756 0.100395 1.08738 1.06066 1.06653 1.08115 1.05898 0.599226 0.590352 0.585913 0.573468 0.588335 0.499204 0 0.000214162 0.000541858 0.000191433 0.000331095 0.000227082 0.00039072 0.0035247 0.00141734 0.00219222 0.00168404 0.00268811 0.00151356 0.00288474 0.00257301 0.002066 0.00210646 0.00109711 0.00215391 0.00218216 0.00156281 0.00174122 0.000448111 0.000698325 0.000642781 0.00039393 0.000490682 0.00143013 0
0.72 0.880311 0.0350188 0.016718 0.0165675 0.0219958 0.0293889 0.211624 0.0974926 0.0982782 0.136219 0.171755 0.094651 0.103407 0.0906025 0.0563756 0.100395 1.08738 1.06066 1.06653 1.08115 1.05898 0.599226 0.590352 0.585913 0.573468 0.588335 0.499204 0 0.000214162 0.000541858 0.000191433 0.000331095 0.000227082 0.00039072 0.0035247 0.00141734 0.00219222 0.00168404 0.00268811 0.00151356 0.00288474 0.00257301 0.002066 0.00210646 0.00109711 0.00215391 0.00218216 0.00156281 0.00174122 0.000448111 0.000698325 0.000642781 0.00039393 0.000490682 0.00143013 0
0.74 0.880734 0.0321552 0.0204681 0.0174819 0.0239116 0.0252491 0.196768 0.120897 0.102482 0.147924 0.147567 0.0829514 0.0951694 0.0989964 0.0588454 0.101394 1.09246 1.06758 1.063 1.08391 1.06132 0.59466 0.588979 0.5891 0.576099 0.589994 0.501841 0 0.000177036 0.000271777 0.000289959 0.000308059 0.000302075 0.000354613 0.00167205 0.0020277 0.00196668 0.00213006 0.0022802 0.00120768 0.00249699 0.00201901 0.00190458 0.00171252 0.000813726 0.00168456 0.00181378 0.00145738 0.00135622 0.00050244 0.000657892 0.000447006 0.000593958 0.000510434 0.00117698 0
0.76 0.880831 0.0292447 0.024365 0.0199002 0.0236621 0.0219975 0.180669 0.14504 0.116097 0.144735 0.128854 0.0717762 0.0899661 0.102945 0.0682201 0.100432 1.09402 1.07153 1.06207 1.0812 1.06395 0.588809 0.588003 0.591096 0.580087 0.590553 0.502508 0 0.000279054 0.000446449 0.000450701 0.000318883 0.000328245 0.000369311 0.00269947 0.00325741 0.0019852 0.0023737 0.00217796 0.0016966 0.00344185 0.00314038 0.00250104 0.00221626 0.00129703 0.00247424 0.00236012 0.00186517 0.00185382 0.000528352 0.000827775 0.00081852 0.000638766 0.000597248 0.00186859 0
0.78 0.880831 0.0292447 0.024365 0.0199002 0.0236621 0.0219975 0.180669 0.14504 0.116097 0.144735 0.128854 0.0717762 0.0899661 0.102945 0.0682201 0.100432 1.09402 1.07153 1.06207 1.0812 1.06395 0.588809 0.588003 0.591096 0.580087 0.590553 0.502508 0 0.000279054 0.000446449 0.000450701 0.000318883 0.000328245 0.000369311 0.00269947 0.00325741 0.0019852 0.0023737 0.00217796 0.0016966 0.00344185 0.00314038 0.00250104 0.00221626 0.00129703 0.00247424 0.00236012 0.00186517 0.00185382 0.000528352 0.000827775 0.00081852 0.000638766 0.000597248 0.00186859 0
0.8 0.880782 0.0269396 0.0275939 0.0219688 0.0229479 0.0197678 0.167351 0.165011 0.127661 0.139111 0.115934 0.0635048 0.0867539 0.106023 0.0757377 0.0996411 1.09317 1.07373 1.06064 1.07864 1.06517 0.583613 0.587365 0.592413 0.583261 0.590537 0.502229 0 0.000202359 0.000257714 0.000354478 0.000314942 0.000261434 0.000280712 0.00166053 0.00254732 0.00202293 0.00169754 0.00166162 0.00133684 0.00252623 0.00255364 0.00176742 0.00166808 0.00120603 0.00181628 0.00177875 0.00120733 0.00122665 0.000331068 0.000637491 0.00070415 0.000598994 0.000551171 0.00134519 0
0.82 0.880782 0.0269396 0.0275939 0.0219688 0.0229479 0.0197678 0.167351 0.165011 0.127661 0.139111 0.115934 0.0635048 0.0867539 0.106023 0.0757377 0.0996411 1.09317 1.07373 1.06064 1.07864 1.06517 0.583613 0.587365 0.592413 0.583261 0.590537 0.502229 0 0.000202359 0.000257714 0.000354478 0.000314942 0.000261434 0.000280712 0.00166053 0.00254732 0.00202293 0.00169754 0.00166162 0.00133684 0.00252623 0.00255364 0.00176742 0.00166808 0.00120603 0.00181628 0.00177875 0.00120733 0.00122665 0.000331068 0.000637491 0.00070415 0.000598994 0.000551171 0.00134519 0
0.84 0.880701 0.0254581 0.0296948 0.023126 0.0223939 0.0186263 0.15848 0.177968 0.133966 0.13498 0.10941 0.0585574 0.0853125 0.108721 0.080395 0.0986095 1.09134 1.07461 1.05944 1.07697 1.06604 0.579923 0.587021 0.59357 0.585158 0.590271 0.501783 0 0.000147856 0.000379149 0.000480103 0.000443089 0.000335393 0.000277259 0.00235211 0.00346653 0.00278584 0.00222037 0.00176741 0.00075832 0.00223914 0.00202975 0.00172443 0.00166606 0.000592566 0.00161068 0.00125944 0.00126179 0.00122385 0.000391915 0.000621441 0.000756994 0.000545639 0.000646667 0.00097841 0
0.86 0.880701 0.0254581 0.0296948 0.023126 0.0223939 0.0186263 0.15848 0.177968 0.133966 0.13498 0.10941 0.0585574 0.0853125 0.108721 0.080395 0.0986095 1.09134 1.07461 1.05944 1.07697 1.06604 0.579923 0.587021 0.59357 0.585158 0.590271 0.501783 0 0.000147856 0.000379149 0.000480103 0.000443089 0.000335393 0.000277259 0.00235211 0.00346653 0.00278584 0.00222037 0.00176741 0.00075832 0.00223914 0.00202975 0.00172443 0.00166606 0.000592566 0.00161068 0.00125944 0.00126179 0.00122385 0.000391915 0.000621441 0.000756994 0.000545639 0.000646667 0.00097841 0
0.88 0.8806 0.0248113 0.0305432 0.0237147 0.0223326 0.0179983 0.154456 0.182981 0.137094 0.134273 0.105738 0.0561693 0.085401 0.110371 0.0826075 0.0986602 1.08959 1.0742 1.05866 1.07615 1.06613 0.577579 0.586978 0.594164 0.586103 0.590412 0.501214 0 0.000207607 0.00030768 0.000378148 0.000430608 0.000418236 0.000361655 0.00202318 0.00258521 0.00311982 0.00253237 0.00228251 0.00144018 0.00206322 0.00370462 0.0014547 0.00226644 0.00116305 0.00152208 0.00259457 0.000928064 0.00159626 0.000495157 0.000719851 0.000958019 0.000585043 0.000630519 0.00142178 0
0.9 0.880585 0.0245127 0.0310922 0.0237075 0.0223372 0.017765 0.15262 0.186438 0.136821 0.134308 0.104324 0.0556052 0.0847904 0.111663 0.0827831 0.0985811 1.08901 1.07451 1.05797 1.07628 1.06597 0.576982 0.586768 0.594647 0.586272 0.590227 0.501124 0 0.000243741 0.000278443 0.000390268 0.000397743 0.00041306 0.000384615 0.00174818 0.00284742 0.00290364 0.00258002 0.00232313 0.00151701 0.00242103 0.00345628 0.00180932 0.00191761 0.00125741 0.00187591 0.00252943 0.00160852 0.00163844 0.000479297 0.000503407 0.000913486 0.000467552 0.000489358 0.00161149 0
0.92 0.880585 0.0245127 0.0310922 0.0237075 0.0223372 0.017765 0.15262 0.186438 0.136821 0.134308 0.104324 0.0556052 0.0847904 0.111663 0.0827831 0.0985811 1.08901 1.07451 1.05797 1.07628 1.06597 0.576982 0.586768 0.594647 0.586272 0.590227 0.501124 0 0.000243741 0.000278443 0.000390268 0.000397743 0.00041306 0.000384615 0.00174818 0.00284742 0.00290364 0.00258002 0.00232313 0.00151701 0.00242103 0.00345628 0.00180932 0.00191761 0.00125741 0.00187591 0.00252943 0.00160852 0.00163844 0.000479297 0.000503407 0.000913486 0.000467552 0.000489358 0.00161149 0
0.94 0.880646 0.0244138 0.0312186 0.0238461 0.0222394 0.0176359 0.152091 0.187419 0.137793 0.133765 0.103648 0.0547291 0.0839968 0.111051 0.0825282 0.0981681 1.08908 1.07514 1.05862 1.07654 1.06637 0.576492 0.586574 0.594652 0.586203 0.590154 0.501567 0 0.000196182 0.000418886 0.000498987 0.000487986 0.00040018 0.000388886 0.00261527 0.00355555 0.00328659 0.002471 0.00251051 0.00136036 0.00273394 0.00290508 0.00173756 0.00244478 0.00104186 0.00179476 0.00201724 0.00136103 0.00173103 0.000525045 0.000789599 0.00084812 0.000630954 0.000754976 0.0013376 0
0.96 0.880646 0.0244138 0.0312186 0.0238461 0.0222394 0.0176359 0.152091 0.187419 0.137793 0.133765 0.103648 0.0547291 0.0839968 0.111051 0.0825282 0.0981681 1.08908 1.07514 1.05862 1.07654 1.06637 0.576492 0.586574 0.594652 0.586203 0.590154 0.501567 0 0.000196182 0.000418886 0.000498987 0.000487986 0.00040018 0.000388886 0.00261527 0.00355555 0.00328659 0.002471 0.00251051 0.00136036 0.00273394 0.00290508 0.00173756 0.00244478 0.00104186 0.00179476 0.00201724 0.00136103 0.00173103 0.000525045 0.000789599 0.00084812 0.000630954 0.000754976 0.0013376 0
0.98 0.880606 0.0243919 0.0312821 0.0237246 0.0223551 0.0176403 0.151879 0.187722 0.136864 0.134497 0.103623 0.0548825 0.0843614 0.111946 0.082684 0.0983312 1.08884 1.07484 1.05779 1.07669 1.06622 0.576436 0.586722 0.594633 0.586485 0.590205 0.501286 0 0.000270392 0.00041288 0.000434459 0.000422379 0.000388756 0.000296591 0.00247668 0.00329014 0.00294755 0.00245137 0.00179003 0.00121194 0.00315481 0.00342056 0.00238365 0.00220329 0.00114935 0.00214487 0.00259606 0.00177958 0.00177193 0.000354569 0.000951996 0.000694856 0.000696225 0.000533067 0.00179088 0
1 0.880657 0.0243883 0.031269 0.0237344 0.0221629 0.0177885 0.151917 0.187769 0.137075 0.13327 0.104701 0.0547982 0.0839994 0.111145 0.0828163 0.0972572 1.08902 1.07523 1.0583 1.07658 1.06693 0.576519 0.58671 0.594388 0.586416 0.589926 0.501637 0 0.000286334 0.000571108 0.000728001 0.000515526 0.000466821 0.000358216 0.00349005 0.00541617 0.00314229 0.00299135 0.00237411 0.0011044 0.0040193 0.00267509 0.00257944 0.00305808 0.00100567 0.00284864 0.00205817 0.00206437 0.00229878 0.000410741 0.00101091 0.000751498 0.000595033 0.000862139 0.00190834 0
