# Table 
0 0.516405 0.132696 0.0492976 0.0803006 0.0758424 0.145458 0.110297 0.0396834 0.0723444 0.0654992 0.130617 0.0540595 0.04547 0.0272264 0.0297623 0.0331383 0.177306 0.171375 0.183183 0.176062 0.18365 0.133005 0.121936 0.112872 0.111826 0.118474 0.0822781 0 0.000749259 0.00109615 0.000400261 0.00111134 0.000354737 0.000615301 0.00126641 0.000413646 0.0010844 0.00040725 0.000857671 0.00072718 0.000668855 0.000415436 0.000603882 0.000444108 0.00054583 0.000635824 0.000491106 0.00056621 0.000431908 0.00033086 0.00028558 0.000147712 0.000228403 0.000176192 0.000315761 0
0.02 0.51672 0.132987 0.0492681 0.0801371 0.0756377 0.14525 0.110883 0.0397469 0.0722864 0.0654384 0.130508 0.0537116 0.0451719 0.0271051 0.0295661 0.0330031 0.177632 0.17164 0.183303 0.176264 0.183726 0.132884 0.12181 0.11284 0.111771 0.118391 0.0824109 0 0.000801788 0.000718732 0.000595062 0.00073694 0.000393562 0.00077258 0.000927216 0.000714858 0.000710992 0.000492641 0.000768882 0.000648943 0.000908786 0.000435207 0.00064331 0.000418284 0.00055258 0.000909183 0.000437382 0.000637428 0.000422467 0.000278796 0.000322093 0.000169561 0.000197052 0.00015425 0.000337125 0
0.04 0.516548 0.133178 0.0493421 0.0799619 0.0758511 0.14512 0.110994 0.0397819 0.0720417 0.0655566 0.130261 0.0536646 0.045335 0.0272336 0.0295874 0.0331752 0.177624 0.171559 0.183173 0.176145 0.183593 0.132826 0.121905 0.112871 0.111731 0.118477 0.0823362 0 0.000692552 0.00064271 0.000660342 0.000674844 0.000370229 0.000581228 0.000842833 0.000698639 0.000624445 0.000355386 0.000750879 0.000623316 0.000753342 0.000354934 0.000538386 0.000386849 0.000460964 0.000688706 0.000407085 0.000511459 0.000389065 0.00031132 0.000311564 0.000122706 0.000207457 0.000146593 0.000293974 0
0.06 0.516548 0.133178 0.0493421 0.0799619 0.0758511 0.14512 0.110994 0.0397819 0.0720417 0.0655566 0.130261 0.0536646 0.045335 0.0272336 0.0295874 0.0331752 0.177624 0.171559 0.183173 0.176145 0.183593 0.132826 0.121905 0.112871 0.111731 0.118477 0.0823362 0 0.000692552 0.00064271 0.000660342 0.000674844 0.000370229 0.000581228 0.000842833 0.000698639 0.000624445 0.000355386 0.000750879 0.000623316 0.000753342 0.000354934 0.000538386 0.000386849 0.000460964 0.000688706 0.000407085 0.000511459 0.000389065 0.00031132 0.000311564 0.000122706 0.000207457 0.000146593 0.000293974 0
0.08 0.516555 0.133681 0.0491606 0.0799644 0.0758768 0.144762 0.111566 0.0395476 0.0720465 0.0655726 0.129918 0.0533713 0.045518 0.0272834 0.0295669 0.0332349 0.177778 0.171304 0.183177 0.176124 0.183593 0.132642 0.121924 0.112925 0.111691 0.118527 0.0823461 0 0.000722868 0.0010378 0.000642731 0.000778101 0.000438274 0.000697443 0.00118312 0.000712777 0.000767065 0.000498437 0.000863218 0.000672574 0.000670824 0.000404905 0.000549112 0.000416725 0.000495053 0.000772038 0.000474688 0.000564001 0.000439333 0.000326045 0.00019528 0.000134679 0.000211012 0.000132326 0.000303264 0
0.1 0.516555 0.133681 0.0491606 0.0799644 0.0758768 0.144762 0.111566 0.0395476 0.0720465 0.0655726 0.129918 0.0533713 0.045518 0.0272834 0.0295669 0.0332349 0.177778 0.171304 0.183177 0.176124 0.183593 0.132642 0.121924 0.112925 0.111691 0.118527 0.0823461 0 0.000722868 0.0010378 0.000642731 0.000778101 0.000438274 0.000697443 0.00118312 0.000712777 0.000767065 0.000498437 0.000863218 0.000672574 0.000670824 0.000404905 0.000549112 0.000416725 0.000495053 0.000772038 0.000474688 0.000564001 0.000439333 0.000326045 0.00019528 0.000134679 0.000211012 0.000132326 0.000303264 0
0.12 0.516384 0.13397 0.0491623 0.0799725 0.0760975 0.144413 0.111845 0.0394336 0.0719633 0.0657448 0.129449 0.0531749 0.0459162 0.0274667 0.0296149 0.0334142 0.177853 0.170979 0.183031 0.176036 0.18344 0.132473 0.122099 0.113004 0.111693 0.118597 0.0822742 0 0.000622293 0.00110543 0.000553745 0.000638201 0.000493439 0.000800848 0.00110901 0.000545794 0.000751798 0.000530925 0.00104681 0.000498005 0.00046994 0.000450582 0.000501847 0.000406743 0.000404449 0.000474026 0.000541808 0.000443684 0.000410724 0.000227994 0.000209622 0.000130151 0.000214797 0.000159027 0.000263116 0
0.14 0.516342 0.136028 0.0488783 0.079395 0.0764554 0.142901 0.114244 0.0390252 0.0713275 0.0660863 0.127695 0.0522334 0.0464527 0.0277462 0.0294025 0.0338174 0.178562 0.170509 0.182863 0.176057 0.183087 0.131995 0.122296 0.113131 0.111555 0.118742 0.0822574 0 0.000584764 0.00100132 0.000605569 0.000700928 0.000504987 0.00094198 0.0011585 0.000652491 0.00073293 0.000556697 0.00106335 0.000531824 0.000634387 0.000344834 0.000490789 0.000354976 0.000479735 0.000638044 0.000390477 0.000519963 0.00032476 0.000218255 0.000227473 0.000125183 0.00018259 0.000156582 0.000240873 0
0.16 0.516342 0.136028 0.0488783 0.079395 0.0764554 0.142901 0.114244 0.0390252 0.0713275 0.0660863 0.127695 0.0522334 0.0464527 0.0277462 0.0294025 0.0338174 0.178562 0.170509 0.182863 0.176057 0.183087 0.131995 0.122296 0.113131 0.111555 0.118742 0.0822574 0 0.000584764 0.00100132 0.000605569 0.000700928 0.000504987 0.00094198 0.0011585 0.000652491 0.00073293 0.000556697 0.00106335 0.000531824 0.000634387 0.000344834 0.000490789 0.000354976 0.000479735 0.000638044 0.000390477 0.000519963 0.00032476 0.000218255 0.000227473 0.000125183 0.00018259 0.000156582 0.000240873 0
0.18 0.516324 0.138232 0.0491251 0.0783138 0.077505 0.140499 0.117029 0.0390852 0.0700272 0.0673298 0.124887 0.0508974 0.046787 0.0283183 0.0288721 0.0344742 0.179555 0.17019 0.182313 0.17665 0.182472 0.131326 0.122369 0.113334 0.111424 0.118956 0.0822522 0 0.000968952 0.000891461 0.00063899 0.00085904 0.000465844 0.000754146 0.00108527 0.000655143 0.000860846 0.000389098 0.00107435 0.000725096 0.000816005 0.000555934 0.00064975 0.000566874 0.000624798 0.000818699 0.000661283 0.000619503 0.000582915 0.000291618 0.000285992 0.000145112 0.000234775 0.000184454 0.000399838 0
0.2 0.516324 0.138232 0.0491251 0.0783138 0.077505 0.140499 0.117029 0.0390852 0.0700272 0.0673298 0.124887 0.0508974 0.046787 0.0283183 0.0288721 0.0344742 0.179555 0.17019 0.182313 0.17665 0.182472 0.131326 0.122369 0.113334 0.111424 0.118956 0.0822522 0 0.000968952 0.000891461 0.00063899 0.00085904 0.000465844 0.000754146 0.00108527 0.000655143 0.000860846 0.000389098 0.00107435 0.000725096 0.000816005 0.000555934 0.00064975 0.000566874 0.000624798 0.000818699 0.000661283 0.000619503 0.000582915 0.000291618 0.000285992 0.000145112 0.000234775 0.000184454 0.000399838 0
0.22 0.51661 0.141589 0.0493942 0.0766389 0.0788271 0.13694 0.121458 0.0391036 0.0682281 0.0689003 0.120985 0.048805 0.0472795 0.0291114 0.0280737 0.0353492 0.181145 0.169798 0.181863 0.177427 0.181788 0.130306 0.122496 0.113747 0.111139 0.119325 0.0823657 0 0.000650822 0.00113756 0.00062078 0.000674944 0.000468218 0.000816585 0.00135026 0.000544737 0.000694161 0.0004867 0.00105493 0.000550254 0.000464685 0.0004238 0.000465653 0.000405173 0.000476986 0.000431135 0.000520608 0.000449168 0.000432334 0.000232237 0.000209648 0.000102555 0.000192588 0.000149458 0.000267248 0
0.24 0.51661 0.141589 0.0493942 0.0766389 0.0788271 0.13694 0.121458 0.0391036 0.0682281 0.0689003 0.120985 0.048805 0.0472795 0.0291114 0.0280737 0.0353492 0.181145 0.169798 0.181863 0.177427 0.181788 0.130306 0.122496 0.113747 0.111139 0.119325 0.0823657 0 0.000650822 0.00113756 0.00062078 0.000674944 0.000468218 0.000816585 0.00135026 0.000544737 0.000694161 0.0004867 0.00105493 0.000550254 0.000464685 0.0004238 0.000465653 0.000405173 0.000476986 0.000431135 0.000520608 0.000449168 0.000432334 0.000232237 0.000209648 0.000102555 0.000192588 0.000149458 0.000267248 0
0.26 0.517209 0.145083 0.0503398 0.0744704 0.0808374 0.13206 0.126465 0.0398737 0.0658694 0.0714471 0.115765 0.0463196 0.0472032 0.0301047 0.026825 0.0363415 0.183102 0.169959 0.181149 0.178819 0.180904 0.129146 0.122458 0.114168 0.110837 0.119647 0.0826178 0 0.000878347 0.00083816 0.000831352 0.000810677 0.000594891 0.000782617 0.000838231 0.000853988 0.000961957 0.000574592 0.00115763 0.000534892 0.000853168 0.000678614 0.000582461 0.000615644 0.000460632 0.000872402 0.000737667 0.000562709 0.000625732 0.000238228 0.000286847 0.000188479 0.000220732 0.000208923 0.000367419 0
0.28 0.518116 0.148483 0.0520254 0.0717715 0.0835694 0.126035 0.131928 0.0412949 0.0628991 0.0749533 0.109406 0.0434411 0.0468588 0.0315564 0.0253231 0.0376791 0.18549 0.170396 0.180185 0.180713 0.179829 0.127864 0.122293 0.114867 0.110575 0.120171 0.0829723 0 0.000763796 0.00109653 0.000687537 0.00081442 0.000626759 0.000679694 0.00132913 0.000531855 0.000856407 0.000604659 0.000992091 0.000589396 0.000481241 0.000539647 0.000512576 0.000513073 0.000508135 0.000465943 0.000577977 0.000401928 0.000520556 0.000239127 0.000202702 0.000171219 0.000224163 0.00018781 0.000320161 0
0.3 0.518116 0.148483 0.0520254 0.0717715 0.0835694 0.126035 0.131928 0.0412949 0.0628991 0.0749533 0.109406 0.0434411 0.0468588 0.0315564 0.0253231 0.0376791 0.18549 0.170396 0.180185 0.180713 0.179829 0.127864 0.122293 0.114867 0.110575 0.120171 0.0829723 0 0.000763796 0.00109653 0.000687537 0.00081442 0.000626759 0.000679694 0.00132913 0.000531855 0.000856407 0.000604659 0.000992091 0.000589396 0.000481241 0.000539647 0.000512576 0.000513073 0.000508135 0.000465943 0.000577977 0.000401928 0.000520556 0.000239127 0.000202702 0.000171219 0.000224163 0.00018781 0.000320161 0
0.32 0.519004 0.150994 0.0547099 0.0689393 0.086789 0.119564 0.13658 0.043744 0.0596169 0.0789107 0.102623 0.0405887 0.0460189 0.0335656 0.0241264 0.0391673 0.187744 0.171362 0.178747 0.182677 0.178604 0.126559 0.121992 0.115767 0.110579 0.120734 0.08332 0 0.000712711 0.000712558 0.000574407 0.000466581 0.000537891 0.000702221 0.000911569 0.000664262 0.000505225 0.000446051 0.000886058 0.000486399 0.000759465 0.00053263 0.000472462 0.000541551 0.000400799 0.000780177 0.000541464 0.000421173 0.000473193 0.000212129 0.000258789 0.000193069 0.000183659 0.000222896 0.000303167 0
0.34 0.519004 0.150994 0.0547099 0.0689393 0.086789 0.119564 0.13658 0.043744 0.0596169 0.0789107 0.102623 0.0405887 0.0460189 0.0335656 0.0241264 0.0391673 0.187744 0.171362 0.178747 0.182677 0.178604 0.126559 0.121992 0.115767 0.110579 0.120734 0.08332 0 0.000712711 0.000712558 0.000574407 0.000466581 0.000537891 0.000702221 0.000911569 0.000664262 0.000505225 0.000446051 0.000886058 0.000486399 0.000759465 0.00053263 0.000472462 0.000541551 0.000400799 0.000780177 0.000541464 0.000421173 0.000473193 0.000212129 0.000258789 0.000193069 0.000183659 0.000222896 0.000303167 0
0.36 0.520092 0.152007 0.0582611 0.0669632 0.0898212 0.112856 0.139925 0.0470912 0.057183 0.0827015 0.0957475 0.0378045 0.0448113 0.0355686 0.0233827 0.0405819 0.1899 0.172692 0.177472 0.184605 0.17738 0.125299 0.121615 0.116758 0.1109 0.121214 0.0837454 0 0.000517134 0.000941854 0.000702355 0.000548537 0.00037719 0.000488237 0.00119106 0.000637248 0.00061156 0.00034304 0.000585641 0.000383747 0.000388734 0.000506465 0.000379766 0.000363512 0.000351391 0.000337644 0.00048589 0.000312242 0.000358772 0.000157377 0.000189374 0.000188525 0.000163932 0.000141792 0.000213913 0
0.38 0.521339 0.150453 0.0626143 0.0661884 0.0923817 0.107023 0.140507 0.0513207 0.0560606 0.0858402 0.090289 0.035127 0.043261 0.0373508 0.0231923 0.0413797 0.191605 0.174324 0.176693 0.186257 0.17681 0.12391 0.121156 0.117861 0.111535 0.121533 0.0842567 0 0.000698709 0.000919249 0.000557284 0.000558404 0.000470781 0.000654437 0.000962233 0.000697394 0.000602634 0.000674625 0.000689499 0.000348745 0.000736432 0.000566011 0.000558954 0.000447954 0.000342463 0.000725476 0.000617882 0.00048822 0.000479453 0.000167806 0.000282176 0.000187147 0.00021018 0.000143043 0.000294961 0
0.4 0.521339 0.150453 0.0626143 0.0661884 0.0923817 0.107023 0.140507 0.0513207 0.0560606 0.0858402 0.090289 0.035127 0.043261 0.0373508 0.0231923 0.0413797 0.191605 0.174324 0.176693 0.186257 0.17681 0.12391 0.121156 0.117861 0.111535 0.121533 0.0842567 0 0.000698709 0.000919249 0.000557284 0.000558404 0.000470781 0.000654437 0.000962233 0.000697394 0.000602634 0.000674625 0.000689499 0.000348745 0.000736432 0.000566011 0.000558954 0.000447954 0.000342463 0.000725476 0.000617882 0.00048822 0.000479453 0.000167806 0.000282176 0.000187147 0.00021018 0.000143043 0.000294961 0
0.42 0.522922 0.148812 0.0674268 0.0654704 0.0953015 0.100067 0.141143 0.0562384 0.0549956 0.0894699 0.0839738 0.0321048 0.0414611 0.0391046 0.0230527 0.0420702 0.193351 0.176336 0.175992 0.188133 0.176318 0.12228 0.120743 0.118982 0.112307 0.121823 0.0848964 0 0.000651182 0.000933657 0.000744606 0.000699074 0.000512389 0.0007246 0.0010282 0.000826406 0.000681697 0.000766679 0.000783053 0.000361745 0.000588477 0.000500783 0.000546687 0.000500938 0.000361757 0.000627705 0.000510364 0.000484749 0.00050556 0.000150234 0.00020828 0.000193148 0.000207103 0.000191906 0.000277217 0
0.44 0.522922 0.148812 0.0674268 0.0654704 0.0953015 0.100067 0.141143 0.0562384 0.0549956 0.0894699 0.0839738 0.0321048 0.0414611 0.0391046 0.0230527 0.0420702 0.193351 0.176336 0.175992 0.188133 0.176318 0.12228 0.120743 0.118982 0.112307 0.121823 0.0848964 0 0.000651182 0.000933657 0.000744606 0.000699074 0.000512389 0.0007246 0.0010282 0.000826406 0.000681697 0.000766679 0.000783053 0.000361745 0.000588477 0.000500783 0.000546687 0.000500938 0.000361757 0.000627705 0.000510364 0.000484749 0.00050556 0.000150234 0.00020828 0.000193148 0.000207103 0.000191906 0.000277217 0
0.46 0.523664 0.145302 0.0726168 0.0677695 0.0964375 0.0942096 0.139012 0.0612835 0.0568158 0.0906125 0.0787447 0.0297762 0.0403265 0.0404123 0.0243006 0.0425627 0.194088 0.177709 0.175973 0.188972 0.175968 0.120755 0.120573 0.120121 0.113639 0.121996 0.0851696 0 0.000722797 0.00100564 0.000926925 0.000755786 0.000612123 0.000759637 0.00131712 0.000881927 0.000684614 0.00085948 0.000663207 0.000423625 0.000567906 0.000640007 0.000561939 0.00047637 0.000401464 0.000539097 0.000597814 0.000485772 0.000396861 0.000165924 0.000212515 0.000241355 0.000201643 0.000218163 0.000313838 0
0.48 0.523664 0.145302 0.0726168 0.0677695 0.0964375 0.0942096 0.139012 0.0612835 0.0568158 0.0906125 0.0787447 0.0297762 0.0403265 0.0404123 0.0243006 0.0425627 0.194088 0.177709 0.175973 0.188972 0.175968 0.120755 0.120573 0.120121 0.113639 0.121996 0.0851696 0 0.000722797 0.00100564 0.000926925 0.000755786 0.000612123 0.000759637 0.00131712 0.000881927 0.000684614 0.00085948 0.000663207 0.000423625 0.000567906 0.000640007 0.000561939 0.00047637 0.000401464 0.000539097 0.000597814 0.000485772 0.000396861 0.000165924 0.000212515 0.000241355 0.000201643 0.000218163 0.000313838 0
0.5 0.524042 0.141591 0.0776533 0.0713346 0.0967499 0.0886301 0.13626 0.0660658 0.059887 0.0906374 0.0738831 0.0275095 0.0397338 0.0411796 0.0259013 0.042897 0.194362 0.178652 0.176399 0.189321 0.175752 0.119053 0.120611 0.121025 0.115001 0.122114 0.0853128 0 0.000684695 0.00104087 0.000718288 0.000671993 0.000816427 0.0007274 0.000977952 0.000989388 0.000685432 0.00105819 0.000768229 0.000246613 0.000789261 0.000611505 0.000508605 0.000508227 0.000279013 0.000797901 0.000542084 0.000531296 0.000557994 0.000115811 0.000262966 0.000259079 0.00018481 0.00017136 0.000301365 0
0.52 0.52427 0.137116 0.0831037 0.0758782 0.0955882 0.0840443 0.132355 0.0714255 0.0639623 0.0891766 0.0699422 0.025705 0.0387783 0.0415695 0.0276406 0.0428356 0.194203 0.179806 0.177054 0.18941 0.175629 0.117538 0.120508 0.121727 0.116383 0.121939 0.0854052 0 0.000491244 0.00116102 0.000875298 0.000726721 0.000824287 0.000596369 0.00112872 0.00105002 0.000813079 0.00089968 0.000757442 0.000178021 0.000625567 0.0005332 0.000366469 0.000494065 0.000225901 0.000571399 0.000495958 0.0003161 0.000525334 0.000105096 0.000251393 0.000207184 0.000169448 0.000188417 0.000208698 0
0.54 0.52427 0.137116 0.0831037 0.0758782 0.0955882 0.0840443 0.132355 0.0714255 0.0639623 0.0891766 0.0699422 0.025705 0.0387783 0.0415695 0.0276406 0.0428356 0.194203 0.179806 0.177054 0.18941 0.175629 0.117538 0.120508 0.121727 0.116383 0.121939 0.0854052 0 0.000491244 0.00116102 0.000875298 0.000726721 0.000824287 0.000596369 0.00112872 0.00105002 0.000813079 0.00089968 0.000757442 0.000178021 0.000625567 0.0005332 0.000366469 0.000494065 0.000225901 0.000571399 0.000495958 0.0003161 0.000525334 0.000105096 0.000251393 0.000207184 0.000169448 0.000188417 0.000208698 0
0.56 0.524454 0.132998 0.0876894 0.0801714 0.0943327 0.0803546 0.128541 0.0759773 0.0679715 0.0876728 0.0668562 0.0241634 0.0380598 0.0415143 0.0290003 0.0427738 0.193836 0.18074 0.177873 0.189422 0.175628 0.116138 0.120462 0.122162 0.117412 0.121868 0.0854833 0 0.000544672 0.000704372 0.000670757 0.000718321 0.000801703 0.000669045 0.000747624 0.000827121 0.000860184 0.000928925 0.000629089 0.000258875 0.000588803 0.0005876 0.000414919 0.000382589 0.000283868 0.000554563 0.000549188 0.000399597 0.000380926 0.000103441 0.000212588 0.000222133 0.000145728 0.000170634 0.000233671 0
0.58 0.524454 0.132998 0.0876894 0.0801714 0.0943327 0.0803546 0.128541 0.0759773 0.0679715 0.0876728 0.0668562 0.0241634 0.0380598 0.0415143 0.0290003 0.0427738 0.193836 0.18074 0.177873 0.189422 0.175628 0.116138 0.120462 0.122162 0.117412 0.121868 0.0854833 0 0.000544672 0.000704372 0.000670757 0.000718321 0.000801703 0.000669045 0.000747624 0.000827121 0.000860184 0.000928925 0.000629089 0.000258875 0.000588803 0.0005876 0.000414919 0.000382589 0.000283868 0.000554563 0.000549188 0.000399597 0.000380926 0.000103441 0.000212588 0.000222133 0.000145728 0.000170634 0.000233671 0
0.6 0.524148 0.130402 0.0910858 0.0832085 0.0927175 0.078439 0.125924 0.0791771 0.0706066 0.0856462 0.0652016 0.0232908 0.0378375 0.0418675 0.0303238 0.0426218 0.19333 0.181124 0.178079 0.189029 0.175604 0.115206 0.120515 0.122594 0.118258 0.1217 0.0853502 0 0.000951935 0.00124334 0.000809778 0.000677282 0.000736259 0.000821931 0.00108076 0.00122315 0.000915876 0.000774086 0.000928749 0.000351667 0.000971612 0.000829603 0.000583493 0.000798148 0.000398357 0.000927661 0.000816 0.000609744 0.0008355 0.000123586 0.000372218 0.000288897 0.000205009 0.000277263 0.000416029 0
0.62 0.524148 0.130402 0.0910858 0.0832085 0.0927175 0.078439 0.125924 0.0791771 0.0706066 0.0856462 0.0652016 0.0232908 0.0378375 0.0418675 0.0303238 0.0426218 0.19333 0.181124 0.178079 0.189029 0.175604 0.115206 0.120515 0.122594 0.118258 0.1217 0.0853502 0 0.000951935 0.00124334 0.000809778 0.000677282 0.000736259 0.000821931 0.00108076 0.00122315 0.000915876 0.000774086 0.000928749 0.000351667 0.000971612 0.000829603 0.000583493 0.000798148 0.000398357 0.000927661 0.000816 0.000609744 0.0008355 0.000123586 0.000372218 0.000288897 0.000205009 0.000277263 0.000416029 0
0.64 0.523956 0.128336 0.0932496 0.0853097 0.0921158 0.0770326 0.123741 0.0812114 0.0724747 0.0848465 0.0640391 0.0226714 0.0377049 0.0420334 0.0310987 0.0426053 0.192806 0.181308 0.178276 0.188894 0.175606 0.114462 0.120549 0.122844 0.118755 0.121678 0.0852837 0 0.000746598 0.00127349 0.00131547 0.00113989 0.000700992 0.000801303 0.0012164 0.00171943 0.00111583 0.000990758 0.000767021 0.000306383 0.000974736 0.000569001 0.000591334 0.00054859 0.00030397 0.000922567 0.000501993 0.000588701 0.000549411 0.000149049 0.000354414 0.000210541 0.000201057 0.000183677 0.000325516 0
0.66 0.523777 0.128005 0.0936989 0.0871591 0.0909659 0.0763935 0.123353 0.0814941 0.0742482 0.0834947 0.0634897 0.0223204 0.0379237 0.0418379 0.0317716 0.0425534 0.192533 0.181174 0.178636 0.188558 0.175605 0.114068 0.12067 0.122889 0.119128 0.121611 0.0852068 0 0.000969687 0.0010806 0.000994585 0.00102313 0.000984551 0.000799873 0.000853983 0.00139908 0.001192 0.00107469 0.000840776 0.000350906 0.000978259 0.000831916 0.000619877 0.000770324 0.000451713 0.000947154 0.000777402 0.00061757 0.000796872 0.000109725 0.000343696 0.000298496 0.000208256 0.000278407 0.000419826 0
0.68 0.523777 0.128005 0.0936989 0.0871591 0.0909659 0.0763935 0.123353 0.0814941 0.0742482 0.0834947 0.0634897 0.0223204 0.0379237 0.0418379 0.0317716 0.0425534 0.192533 0.181174 0.178636 0.188558 0.175605 0.114068 0.12067 0.122889 0.119128 0.121611 0.0852068 0 0.000969687 0.0010806 0.000994585 0.00102313 0.000984551 0.000799873 0.000853983 0.00139908 0.001192 0.00107469 0.000840776 0.000350906 0.000978259 0.000831916 0.000619877 0.000770324 0.000451713 0.000947154 0.000777402 0.00061757 0.000796872 0.000109725 0.000343696 0.000298496 0.000208256 0.000278407 0.000419826 0
0.7 0.523967 0.12683 0.0949672 0.0873133 0.0910899 0.0758327 0.122198 0.0829457 0.0744108 0.0836996 0.0630902 0.0220778 0.0374851 0.0419114 0.0317473 0.0423969 0.192374 0.181627 0.178675 0.188761 0.175699 0.113787 0.12056 0.122963 0.119207 0.121545 0.0852887 0 0.000779608 0.00111284 0.00108461 0.00123425 0.000887546 0.000900746 0.00105109 0.00133014 0.00154389 0.00099615 0.00090321 0.000343484 0.000799562 0.000888685 0.000522309 0.000659938 0.000408587 0.000721088 0.000896863 0.000566945 0.000604911 0.000103536 0.000321517 0.000279466 0.000171411 0.000272496 0.000331655 0
0.72 0.523967 0.12683 0.0949672 0.0873133 0.0910899 0.0758327 0.122198 0.0829457 0.0744108 0.0836996 0.0630902 0.0220778 0.0374851 0.0419114 0.0317473 0.0423969 0.192374 0.181627 0.178675 0.188761 0.175699 0.113787 0.12056 0.122963 0.119207 0.121545 0.0852887 0 0.000779608 0.00111284 0.00108461 0.00123425 0.000887546 0.000900746 0.00105109 0.00133014 0.00154389 0.00099615 0.00090321 0.000343484 0.000799562 0.000888685 0.000522309 0.000659938 0.000408587 0.000721088 0.000896863 0.000566945 0.000604911 0.000103536 0.000321517 0.000279466 0.000171411 0.000272496 0.000331655 0
0.74 0.52329 0.126932 0.0952096 0.087404 0.0911515 0.0760136 0.121992 0.0828269 0.0741218 0.0834632 0.0630455 0.0222662 0.0379679 0.0425951 0.0321838 0.0427798 0.192011 0.181166 0.178121 0.188367 0.175317 0.113776 0.12073 0.12327 0.119349 0.121671 0.0849964 0 0.000752013 0.00121138 0.00104439 0.00112118 0.000847795 0.000847929 0.00116503 0.00125083 0.00141395 0.000902342 0.000826608 0.000327696 0.000715229 0.000883055 0.00048214 0.000656949 0.000356821 0.000658094 0.000821687 0.000495047 0.000594363 0.000137522 0.000296607 0.000325821 0.000172097 0.00027272 0.000320148 0
0.76 0.523728 0.126679 0.0952905 0.0874908 0.090869 0.075943 0.121877 0.0831504 0.0744601 0.0833609 0.063174 0.0220628 0.037678 0.0421798 0.0319886 0.0424118 0.19213 0.18152 0.178568 0.188606 0.175674 0.113658 0.120677 0.123137 0.119312 0.121545 0.0851853 0 0.000784377 0.0011462 0.00114726 0.00111623 0.00102794 0.000759336 0.00103401 0.0015123 0.00131105 0.00117366 0.000729514 0.00033358 0.0008806 0.000827631 0.000556757 0.000595365 0.000316127 0.000856336 0.000762341 0.000588349 0.000621999 0.000145144 0.000324957 0.000312874 0.00017042 0.000227959 0.000342773 0
0.78 0.523728 0.126679 0.0952905 0.0874908 0.090869 0.075943 0.121877 0.0831504 0.0744601 0.0833609 0.063174 0.0220628 0.037678 0.0421798 0.0319886 0.0424118 0.19213 0.18152 0.178568 0.188606 0.175674 0.113658 0.120677 0.123137 0.119312 0.121545 0.0851853 0 0.000784377 0.0011462 0.00114726 0.00111623 0.00102794 0.000759336 0.00103401 0.0015123 0.00131105 0.00117366 0.000729514 0.00033358 0.0008806 0.000827631 0.000556757 0.000595365 0.000316127 0.000856336 0.000762341 0.000588349 0.000621999 0.000145144 0.000324957 0.000312874 0.00017042 0.000227959 0.000342773 0
0.8 0.523824 0.126604 0.0954037 0.087584 0.0907445 0.0758397 0.121844 0.0833522 0.0745482 0.0833037 0.0631236 0.0220098 0.0375051 0.0420388 0.0319838 0.0423271 0.192153 0.18165 0.178544 0.188695 0.17574 0.11363 0.120613 0.123013 0.119363 0.121497 0.0852317 0 0.000770446 0.000994555 0.000900069 0.000928542 0.000742653 0.000827875 0.000841815 0.00124667 0.00108039 0.000855408 0.00075899 0.000313116 0.000802173 0.000689061 0.000453594 0.000556723 0.00034024 0.000761115 0.000623561 0.000517808 0.000586565 0.000102625 0.000290542 0.000273199 0.000141921 0.000207843 0.000326336 0
0.82 0.523824 0.126604 0.0954037 0.087584 0.0907445 0.0758397 0.121844 0.0833522 0.0745482 0.0833037 0.0631236 0.0220098 0.0375051 0.0420388 0.0319838 0.0423271 0.192153 0.18165 0.178544 0.188695 0.17574 0.11363 0.120613 0.123013 0.119363 0.121497 0.0852317 0 0.000770446 0.000994555 0.000900069 0.000928542 0.000742653 0.000827875 0.000841815 0.00124667 0.00108039 0.000855408 0.00075899 0.000313116 0.000802173 0.000689061 0.000453594 0.000556723 0.00034024 0.000761115 0.000623561 0.000517808 0.000586565 0.000102625 0.000290542 0.000273199 0.000141921 0.000207843 0.000326336 0
0.84 0.52361 0.12694 0.0950827 0.0878972 0.0906269 0.0758426 0.122135 0.0828554 0.0748236 0.0830538 0.0630109 0.0220403 0.037808 0.0420895 0.0321825 0.0425131 0.192138 0.181387 0.178574 0.188492 0.175548 0.113647 0.120708 0.123076 0.119416 0.12155 0.0851382 0 0.000669083 0.00105421 0.00097194 0.000853643 0.000938475 0.00085737 0.00101121 0.00133947 0.0010872 0.00102358 0.000769567 0.0002434 0.000749262 0.000697653 0.000447634 0.000404453 0.00025782 0.000762833 0.000696206 0.000463865 0.000467843 0.000123234 0.000248874 0.000233048 0.000136538 0.000172685 0.000284585 0
0.86 0.52361 0.12694 0.0950827 0.0878972 0.0906269 0.0758426 0.122135 0.0828554 0.0748236 0.0830538 0.0630109 0.0220403 0.037808 0.0420895 0.0321825 0.0425131 0.192138 0.181387 0.178574 0.188492 0.175548 0.113647 0.120708 0.123076 0.119416 0.12155 0.0851382 0 0.000669083 0.00105421 0.00097194 0.000853643 0.000938475 0.00085737 0.00101121 0.00133947 0.0010872 0.00102358 0.000769567 0.0002434 0.000749262 0.000697653 0.000447634 0.000404453 0.00025782 0.000762833 0.000696206 0.000463865 0.000467843 0.000123234 0.000248874 0.000233048 0.000136538 0.000172685 0.000284585 0
0.88 0.523303 0.127319 0.0949306 0.0876353 0.0907413 0.0760707 0.122397 0.082509 0.0743927 0.0830712 0.0631086 0.0221844 0.0381317 0.0424382 0.0323008 0.0426544 0.192025 0.181061 0.178273 0.188377 0.175377 0.113695 0.120809 0.123202 0.119455 0.121586 0.0850101 0 0.000629889 0.000873314 0.00102726 0.000916547 0.000665198 0.000677868 0.000730035 0.00132093 0.000994994 0.000725252 0.000710841 0.000253685 0.00068437 0.00053721 0.000382115 0.000465982 0.000270779 0.00068118 0.000526188 0.000443035 0.000535482 0.000138685 0.000244432 0.000211573 0.000126818 0.000159757 0.000254754 0
0.9 0.523211 0.126879 0.0952435 0.0874766 0.0909514 0.0762384 0.121865 0.0828641 0.0741573 0.0832304 0.063223 0.0222941 0.0380259 0.0426293 0.0323215 0.0427821 0.191909 0.181155 0.178096 0.188301 0.17531 0.113754 0.120772 0.123274 0.119432 0.121663 0.0849603 0 0.000694376 0.000811666 0.00100743 0.00095106 0.000889999 0.000753516 0.000749329 0.00123896 0.00114672 0.000871009 0.000714879 0.000314699 0.000699951 0.000725531 0.000417889 0.000585027 0.000334591 0.000686998 0.000661759 0.000386399 0.000586126 0.000132569 0.00025549 0.000283483 0.000156771 0.000221756 0.000296558 0
0.92 0.523211 0.126879 0.0952435 0.0874766 0.0909514 0.0762384 0.121865 0.0828641 0.0741573 0.0832304 0.063223 0.0222941 0.0380259 0.0426293 0.0323215 0.0427821 0.191909 0.181155 0.178096 0.188301 0.17531 0.113754 0.120772 0.123274 0.119432 0.121663 0.0849603 0 0.000694376 0.000811666 0.00100743 0.00095106 0.000889999 0.000753516 0.000749329 0.00123896 0.00114672 0.000871009 0.000714879 0.000314699 0.000699951 0.000725531 0.000417889 0.000585027 0.000334591 0.000686998 0.000661759 0.000386399 0.000586126 0.000132569 0.00025549 0.000283483 0.000156771 0.000221756 0.000296558 0
0.94 0.523841 0.126539 0.0955521 0.0877937 0.0905642 0.0757106 0.121812 0.0834622 0.0748317 0.0830971 0.0629823 0.0220301 0.0375263 0.042028 0.0320256 0.0424195 0.19218 0.1816 0.178712 0.188622 0.175641 0.113664 0.120569 0.123083 0.119355 0.121531 0.0852378 0 0.000739503 0.00100399 0.00102423 0.000851014 0.000778893 0.000656055 0.000880614 0.00136698 0.00108858 0.00076763 0.000560637 0.000255825 0.000760636 0.000653817 0.000427817 0.00045262 0.000300071 0.000714943 0.000700286 0.000436722 0.00047901 0.000110723 0.000287259 0.000201536 0.000141817 0.000200903 0.000314474 0
0.96 0.523841 0.126539 0.0955521 0.0877937 0.0905642 0.0757106 0.121812 0.0834622 0.0748317 0.0830971 0.0629823 0.0220301 0.0375263 0.042028 0.0320256 0.0424195 0.19218 0.1816 0.178712 0.188622 0.175641 0.113664 0.120569 0.123083 0.119355 0.121531 0.0852378 0 0.000739503 0.00100399 0.00102423 0.000851014 0.000778893 0.000656055 0.000880614 0.00136698 0.00108858 0.00076763 0.000560637 0.000255825 0.000760636 0.000653817 0.000427817 0.00045262 0.000300071 0.000714943 0.000700286 0.000436722 0.00047901 0.000110723 0.000287259 0.000201536 0.000141817 0.000200903 0.000314474 0
0.98 0.523653 0.12685 0.0952306 0.088051 0.0905398 0.075676 0.122076 0.0830369 0.0750028 0.0829717 0.0628493 0.0220482 0.0377274 0.0420575 0.0321663 0.042576 0.19216 0.181423 0.178618 0.188482 0.175464 0.113675 0.120664 0.123082 0.119398 0.121562 0.0851595 0 0.00106034 0.00123578 0.00106289 0.000996154 0.000837373 0.00100113 0.00100603 0.00155317 0.00126056 0.000965762 0.000914701 0.000407551 0.00103733 0.000961791 0.000669954 0.00079796 0.000396128 0.00104695 0.000829222 0.000695474 0.00077792 0.000171168 0.000348834 0.000371676 0.000216765 0.000291971 0.000454931 0
1 0.523398 0.126993 0.0952094 0.0877382 0.0907256 0.0759355 0.122078 0.0828731 0.0745519 0.0830924 0.0630096 0.0221875 0.0378858 0.0423299 0.0322387 0.0426107 0.192014 0.18124 0.17836 0.188404 0.175406 0.113723 0.120698 0.123154 0.11943 0.121552 0.0850505 0 0.000712316 0.00108529 0.000690929 0.000853887 0.00092277 0.000576539 0.000980979 0.00101271 0.000985965 0.00104055 0.000535508 0.000294267 0.000770763 0.000671237 0.000508938 0.000599382 0.000273164 0.000677776 0.000612642 0.000490565 0.00057363 0.00012912 0.000312806 0.000265141 0.000177909 0.000251473 0.000307702 0
