# Table 
0 0.805508 0.0546728 0.0171679 0.030987 0.0250105 0.066654 0.173164 0.0565978 0.11005 0.0848517 0.231529 0.103043 0.0769792 0.0443374 0.0587492 0.0551739 0.609772 0.616485 0.637442 0.619415 0.630727 0.372023 0.357069 0.3464 0.347042 0.35057 0.287069 0 0.000258402 0.000677272 0.000359348 0.000467206 0.000203374 0.000748712 0.00266147 0.0015059 0.00178241 0.000897608 0.00286507 0.0013952 0.00212222 0.000810571 0.00140373 0.000758026 0.00105441 0.0017409 0.000748111 0.00118518 0.0006319 0.000442869 0.000565669 0.000263416 0.000375242 0.000296359 0.000661007 0
0.02 0.805442 0.0546083 0.0171241 0.03113 0.02507 0.0666253 0.172771 0.056391 0.110526 0.0849978 0.231371 0.103483 0.077436 0.0444845 0.0590231 0.0554419 0.609351 0.615981 0.637348 0.619157 0.630669 0.372076 0.357087 0.346438 0.347078 0.350714 0.286928 0 0.000416014 0.000854747 0.000532397 0.000473044 0.000350721 0.000875304 0.0032337 0.00217569 0.00171766 0.00132658 0.00336458 0.0020932 0.00269108 0.000975421 0.00154093 0.00110057 0.00144581 0.00220361 0.000923928 0.00128883 0.000949232 0.000709061 0.000686783 0.000330573 0.000392208 0.000340068 0.00102114 0
0.04 0.80548 0.0545386 0.017 0.0311763 0.0248766 0.0669289 0.172615 0.05592 0.110754 0.0842633 0.23257 0.103221 0.0776738 0.044176 0.0590595 0.0550311 0.609659 0.615971 0.637543 0.619068 0.630923 0.372087 0.357206 0.346353 0.347065 0.350549 0.287002 0 0.000382181 0.00064771 0.000432301 0.000406804 0.0003083 0.000771583 0.00228161 0.00163642 0.00155354 0.000998972 0.00317612 0.00153906 0.00201506 0.00108748 0.00133226 0.00127662 0.00114457 0.00151004 0.000931088 0.00106306 0.00103137 0.000507038 0.00068851 0.000279176 0.000369761 0.000356089 0.000950355 0
0.06 0.80548 0.0545386 0.017 0.0311763 0.0248766 0.0669289 0.172615 0.05592 0.110754 0.0842633 0.23257 0.103221 0.0776738 0.044176 0.0590595 0.0550311 0.609659 0.615971 0.637543 0.619068 0.630923 0.372087 0.357206 0.346353 0.347065 0.350549 0.287002 0 0.000382181 0.00064771 0.000432301 0.000406804 0.0003083 0.000771583 0.00228161 0.00163642 0.00155354 0.000998972 0.00317612 0.00153906 0.00201506 0.00108748 0.00133226 0.00127662 0.00114457 0.00151004 0.000931088 0.00106306 0.00103137 0.000507038 0.00068851 0.000279176 0.000369761 0.000356089 0.000950355 0
0.08 0.805394 0.0547052 0.0169113 0.0312588 0.024946 0.0667843 0.173014 0.055524 0.11103 0.0844833 0.231905 0.103554 0.078108 0.0442526 0.059286 0.0553363 0.609329 0.615357 0.637465 0.618914 0.630686 0.372189 0.357158 0.346347 0.34714 0.350612 0.286788 0 0.00042784 0.000651796 0.000311735 0.000481225 0.000183997 0.000614878 0.00266248 0.0013128 0.00172013 0.000784925 0.00224817 0.00241619 0.00251677 0.00103026 0.0018339 0.000920219 0.00171651 0.00197244 0.000824024 0.00153323 0.000869257 0.000769631 0.000766024 0.000331366 0.000503028 0.000263347 0.00107259 0
0.1 0.805394 0.0547052 0.0169113 0.0312588 0.024946 0.0667843 0.173014 0.055524 0.11103 0.0844833 0.231905 0.103554 0.078108 0.0442526 0.059286 0.0553363 0.609329 0.615357 0.637465 0.618914 0.630686 0.372189 0.357158 0.346347 0.34714 0.350612 0.286788 0 0.00042784 0.000651796 0.000311735 0.000481225 0.000183997 0.000614878 0.00266248 0.0013128 0.00172013 0.000784925 0.00224817 0.00241619 0.00251677 0.00103026 0.0018339 0.000920219 0.00171651 0.00197244 0.000824024 0.00153323 0.000869257 0.000769631 0.000766024 0.000331366 0.000503028 0.000263347 0.00107259 0
0.12 0.805468 0.0545947 0.0169406 0.03138 0.0248034 0.0668137 0.172769 0.0556944 0.111532 0.0840018 0.232113 0.103434 0.0778005 0.0439383 0.0593814 0.0551091 0.609498 0.615664 0.637644 0.618861 0.630779 0.372243 0.357094 0.346256 0.347174 0.350518 0.286972 0 0.000360726 0.000898369 0.000431281 0.000656903 0.000419417 0.000967688 0.00341443 0.00169881 0.00252835 0.00167253 0.00380587 0.00241346 0.0021941 0.00107032 0.0021635 0.00118604 0.00162018 0.00160561 0.00108084 0.00162944 0.000979679 0.000867131 0.000681793 0.00026743 0.000658345 0.000354131 0.000885905 0
0.14 0.805528 0.0543703 0.0168397 0.0314579 0.0247024 0.0671017 0.172004 0.0553266 0.111901 0.0836421 0.23334 0.10372 0.0779797 0.0437574 0.0595486 0.0547432 0.60942 0.615497 0.637915 0.618763 0.631101 0.372372 0.357103 0.346281 0.347236 0.350449 0.287114 0 0.000299157 0.000628423 0.00038761 0.000493417 0.000348577 0.000661152 0.00224895 0.00149275 0.00192317 0.00129868 0.00269033 0.00122205 0.0020649 0.00107938 0.00118809 0.000991611 0.000869679 0.00146796 0.000901178 0.000865982 0.000764549 0.00041919 0.00072172 0.000401249 0.000395158 0.000384369 0.000765098 0
0.16 0.805528 0.0543703 0.0168397 0.0314579 0.0247024 0.0671017 0.172004 0.0553266 0.111901 0.0836421 0.23334 0.10372 0.0779797 0.0437574 0.0595486 0.0547432 0.60942 0.615497 0.637915 0.618763 0.631101 0.372372 0.357103 0.346281 0.347236 0.350449 0.287114 0 0.000299157 0.000628423 0.00038761 0.000493417 0.000348577 0.000661152 0.00224895 0.00149275 0.00192317 0.00129868 0.00269033 0.00122205 0.0020649 0.00107938 0.00118809 0.000991611 0.000869679 0.00146796 0.000901178 0.000865982 0.000764549 0.00041919 0.00072172 0.000401249 0.000395158 0.000384369 0.000765098 0
0.18 0.805419 0.0546633 0.0169306 0.0312378 0.0248766 0.0668731 0.172944 0.0555834 0.11097 0.0842235 0.232282 0.103187 0.0781281 0.0442725 0.0591966 0.0552296 0.609544 0.615427 0.637516 0.618814 0.630764 0.372022 0.357147 0.346429 0.34699 0.350636 0.286848 0 0.000342864 0.00085342 0.000323651 0.000586622 0.000277692 0.000729429 0.00335559 0.00128469 0.00222025 0.00113234 0.0028525 0.00199721 0.00210046 0.000977036 0.00163323 0.000863685 0.00140588 0.00171825 0.000865728 0.00118235 0.000795992 0.000645787 0.000587982 0.000295493 0.000516552 0.000239428 0.000869581 0
0.2 0.805419 0.0546633 0.0169306 0.0312378 0.0248766 0.0668731 0.172944 0.0555834 0.11097 0.0842235 0.232282 0.103187 0.0781281 0.0442725 0.0591966 0.0552296 0.609544 0.615427 0.637516 0.618814 0.630764 0.372022 0.357147 0.346429 0.34699 0.350636 0.286848 0 0.000342864 0.00085342 0.000323651 0.000586622 0.000277692 0.000729429 0.00335559 0.00128469 0.00222025 0.00113234 0.0028525 0.00199721 0.00210046 0.000977036 0.00163323 0.000863685 0.00140588 0.00171825 0.000865728 0.00118235 0.000795992 0.000645787 0.000587982 0.000295493 0.000516552 0.000239428 0.000869581 0
0.22 0.805435 0.0547173 0.017129 0.0311284 0.0249246 0.0666659 0.173224 0.056415 0.110536 0.0844717 0.231386 0.103301 0.0770437 0.0443897 0.0589333 0.0553961 0.609673 0.616259 0.6374 0.619109 0.630536 0.372265 0.356883 0.346388 0.34702 0.350549 0.286888 0 0.000366432 0.000856731 0.00041377 0.000520074 0.000223768 0.000819124 0.00341743 0.00162471 0.00195277 0.000932422 0.00308471 0.00235247 0.0021212 0.00100872 0.00167352 0.000882552 0.00158193 0.00181493 0.000944756 0.00138332 0.000811538 0.000853272 0.000585972 0.000352114 0.000417469 0.000289426 0.000904688 0
0.24 0.805435 0.0547173 0.017129 0.0311284 0.0249246 0.0666659 0.173224 0.056415 0.110536 0.0844717 0.231386 0.103301 0.0770437 0.0443897 0.0589333 0.0553961 0.609673 0.616259 0.6374 0.619109 0.630536 0.372265 0.356883 0.346388 0.34702 0.350549 0.286888 0 0.000366432 0.000856731 0.00041377 0.000520074 0.000223768 0.000819124 0.00341743 0.00162471 0.00195277 0.000932422 0.00308471 0.00235247 0.0021212 0.00100872 0.00167352 0.000882552 0.00158193 0.00181493 0.000944756 0.00138332 0.000811538 0.000853272 0.000585972 0.000352114 0.000417469 0.000289426 0.000904688 0
0.26 0.805479 0.0546098 0.0171348 0.031135 0.0249263 0.0667154 0.172948 0.0564136 0.110584 0.0844668 0.231695 0.103028 0.0771507 0.0441914 0.0589378 0.0551744 0.609911 0.616243 0.637501 0.619167 0.630795 0.372139 0.356989 0.346359 0.347055 0.35055 0.286995 0 0.000413658 0.0005707 0.000311523 0.000283345 0.000304829 0.000437988 0.00180204 0.00122467 0.0012463 0.00100021 0.00195933 0.00147087 0.00191217 0.00121515 0.00128359 0.0012352 0.00119394 0.00154747 0.00121935 0.000988951 0.00109042 0.000422069 0.000659575 0.000254281 0.000430825 0.000280361 0.00101122 0
0.28 0.805438 0.0546562 0.0170163 0.0312263 0.0249763 0.0666867 0.173038 0.055925 0.110892 0.0846208 0.23155 0.103196 0.0777083 0.0443154 0.0590667 0.0554253 0.609752 0.615667 0.637403 0.619104 0.630691 0.372128 0.357069 0.346383 0.347067 0.350707 0.286884 0 0.000335943 0.000880975 0.000399536 0.000542337 0.000337137 0.000737782 0.00301622 0.00154099 0.00216448 0.0012709 0.00307704 0.00154971 0.00234775 0.00113016 0.00135405 0.00100608 0.00110482 0.00167057 0.00106199 0.00105987 0.000979829 0.000575947 0.000809477 0.000327638 0.000445665 0.000265102 0.000825063 0
0.3 0.805438 0.0546562 0.0170163 0.0312263 0.0249763 0.0666867 0.173038 0.055925 0.110892 0.0846208 0.23155 0.103196 0.0777083 0.0443154 0.0590667 0.0554253 0.609752 0.615667 0.637403 0.619104 0.630691 0.372128 0.357069 0.346383 0.347067 0.350707 0.286884 0 0.000335943 0.000880975 0.000399536 0.000542337 0.000337137 0.000737782 0.00301622 0.00154099 0.00216448 0.0012709 0.00307704 0.00154971 0.00234775 0.00113016 0.00135405 0.00100608 0.00110482 0.00167057 0.00106199 0.00105987 0.000979829 0.000575947 0.000809477 0.000327638 0.000445665 0.000265102 0.000825063 0
0.32 0.805525 0.0545422 0.0170267 0.0311541 0.0249398 0.0668123 0.172836 0.0560032 0.11067 0.0845531 0.232109 0.102949 0.0776669 0.0443018 0.0589206 0.0551745 0.610063 0.615942 0.637525 0.619213 0.63086 0.372135 0.357154 0.346454 0.347059 0.350605 0.287085 0 0.000320522 0.000676136 0.000405076 0.000633679 0.000277268 0.00067251 0.00279693 0.00168641 0.00233001 0.00116934 0.0025854 0.00203677 0.00252611 0.000740197 0.00163426 0.000799943 0.00143442 0.00195106 0.000765803 0.00125706 0.00073767 0.000643478 0.000683269 0.000281071 0.00048146 0.000248263 0.000816916 0
0.34 0.805525 0.0545422 0.0170267 0.0311541 0.0249398 0.0668123 0.172836 0.0560032 0.11067 0.0845531 0.232109 0.102949 0.0776669 0.0443018 0.0589206 0.0551745 0.610063 0.615942 0.637525 0.619213 0.63086 0.372135 0.357154 0.346454 0.347059 0.350605 0.287085 0 0.000320522 0.000676136 0.000405076 0.000633679 0.000277268 0.00067251 0.00279693 0.00168641 0.00233001 0.00116934 0.0025854 0.00203677 0.00252611 0.000740197 0.00163426 0.000799943 0.00143442 0.00195106 0.000765803 0.00125706 0.00073767 0.000643478 0.000683269 0.000281071 0.00048146 0.000248263 0.000816916 0
0.36 0.805389 0.0549989 0.0171378 0.0310221 0.0251072 0.0663455 0.174488 0.0562685 0.110027 0.0850905 0.229981 0.102553 0.0782907 0.0448971 0.0588501 0.055974 0.610574 0.615412 0.637088 0.619141 0.630182 0.372102 0.357339 0.34657 0.346978 0.350815 0.286716 0 0.000322137 0.000774193 0.000343958 0.000438897 0.000236383 0.000799869 0.00297366 0.00134857 0.0016124 0.000927995 0.0031419 0.00199386 0.00212225 0.000844696 0.00162995 0.00104334 0.00131793 0.00162381 0.000769554 0.00119639 0.000884087 0.000698545 0.000767499 0.000280639 0.000561736 0.000372491 0.000810257 0
0.38 0.805379 0.0553131 0.0171513 0.030892 0.025291 0.0659739 0.175921 0.0562152 0.109462 0.0857952 0.228367 0.101833 0.0789711 0.0452291 0.0586478 0.0565905 0.611477 0.61495 0.636784 0.619348 0.629744 0.372022 0.357526 0.346641 0.346968 0.350938 0.286681 0 0.00044372 0.00069809 0.000416211 0.000469207 0.000302951 0.000567205 0.00256983 0.00157529 0.00181574 0.00101949 0.00233469 0.00177349 0.00208258 0.00122405 0.00144508 0.00124451 0.00136332 0.00180553 0.00108948 0.00130358 0.00107212 0.000505016 0.000543383 0.000388927 0.000358394 0.000325297 0.00106532 0
0.4 0.805379 0.0553131 0.0171513 0.030892 0.025291 0.0659739 0.175921 0.0562152 0.109462 0.0857952 0.228367 0.101833 0.0789711 0.0452291 0.0586478 0.0565905 0.611477 0.61495 0.636784 0.619348 0.629744 0.372022 0.357526 0.346641 0.346968 0.350938 0.286681 0 0.00044372 0.00069809 0.000416211 0.000469207 0.000302951 0.000567205 0.00256983 0.00157529 0.00181574 0.00101949 0.00233469 0.00177349 0.00208258 0.00122405 0.00144508 0.00124451 0.00136332 0.00180553 0.00108948 0.00130358 0.00107212 0.000505016 0.000543383 0.000388927 0.000358394 0.000325297 0.00106532 0
0.42 0.805357 0.055597 0.0174613 0.0306289 0.0256633 0.0652923 0.177627 0.0571362 0.108305 0.0871197 0.225429 0.100232 0.0793787 0.0461845 0.0579879 0.0576786 0.613056 0.614593 0.636206 0.61956 0.62902 0.371634 0.357412 0.347029 0.346605 0.351316 0.286625 0 0.000332112 0.000562295 0.00036835 0.000510676 0.00039014 0.000726248 0.00244261 0.00144395 0.00197997 0.00148578 0.00267584 0.00200252 0.00208851 0.00118593 0.00159848 0.000915294 0.00139657 0.00167205 0.00104315 0.00126888 0.000693641 0.000715302 0.000579487 0.000332204 0.000389875 0.000354921 0.000837349 0
0.44 0.805357 0.055597 0.0174613 0.0306289 0.0256633 0.0652923 0.177627 0.0571362 0.108305 0.0871197 0.225429 0.100232 0.0793787 0.0461845 0.0579879 0.0576786 0.613056 0.614593 0.636206 0.61956 0.62902 0.371634 0.357412 0.347029 0.346605 0.351316 0.286625 0 0.000332112 0.000562295 0.00036835 0.000510676 0.00039014 0.000726248 0.00244261 0.00144395 0.00197997 0.00148578 0.00267584 0.00200252 0.00208851 0.00118593 0.00159848 0.000915294 0.00139657 0.00167205 0.00104315 0.00126888 0.000693641 0.000715302 0.000579487 0.000332204 0.000389875 0.000354921 0.000837349 0
0.46 0.805455 0.056575 0.0176964 0.0302895 0.0260736 0.0639099 0.182403 0.057785 0.106821 0.0887778 0.219863 0.0970021 0.0802987 0.0471942 0.0570205 0.0591299 0.616117 0.614084 0.635444 0.620502 0.627982 0.370951 0.357902 0.347221 0.346483 0.351689 0.286815 0 0.000317488 0.000788982 0.000433958 0.000566654 0.000288548 0.000701301 0.00305527 0.0016883 0.00216657 0.00110194 0.00274029 0.00152965 0.0021309 0.00107837 0.00143584 0.00107201 0.00108363 0.0017141 0.000923069 0.00120639 0.000886925 0.000504675 0.000593139 0.000363429 0.000384725 0.000335546 0.00078607 0
0.48 0.805455 0.056575 0.0176964 0.0302895 0.0260736 0.0639099 0.182403 0.057785 0.106821 0.0887778 0.219863 0.0970021 0.0802987 0.0471942 0.0570205 0.0591299 0.616117 0.614084 0.635444 0.620502 0.627982 0.370951 0.357902 0.347221 0.346483 0.351689 0.286815 0 0.000317488 0.000788982 0.000433958 0.000566654 0.000288548 0.000701301 0.00305527 0.0016883 0.00216657 0.00110194 0.00274029 0.00152965 0.0021309 0.00107837 0.00143584 0.00107201 0.00108363 0.0017141 0.000923069 0.00120639 0.000886925 0.000504675 0.000593139 0.000363429 0.000384725 0.000335546 0.00078607 0
0.5 0.805576 0.0566909 0.0181903 0.0300134 0.0267244 0.0628047 0.184261 0.0591754 0.105501 0.091288 0.215359 0.094132 0.0815007 0.0488235 0.0556293 0.060541 0.619188 0.613403 0.634638 0.621641 0.62718 0.370441 0.358156 0.347891 0.346157 0.352208 0.28703 0 0.000237244 0.000639745 0.000374266 0.000387076 0.000302905 0.000566437 0.00229165 0.00140564 0.0015448 0.00109643 0.00239987 0.00104124 0.00158153 0.00098107 0.000855725 0.000996686 0.000790557 0.00107655 0.0008904 0.000652711 0.000852185 0.000369051 0.000603362 0.000331307 0.000323601 0.000324626 0.000585845 0
0.52 0.805753 0.0578482 0.0191499 0.0293071 0.0279315 0.0600106 0.190636 0.0622187 0.102363 0.096082 0.204274 0.0888567 0.0820313 0.0513583 0.0529186 0.063381 0.624029 0.61349 0.633045 0.624064 0.625315 0.369235 0.358448 0.348693 0.345653 0.353071 0.287375 0 0.000362076 0.000875897 0.000351038 0.0004477 0.00031353 0.000611069 0.003273 0.00132513 0.00177554 0.00107356 0.00261487 0.00157374 0.00171746 0.00137701 0.00120351 0.00138649 0.00104774 0.00141066 0.00112451 0.00105169 0.00112678 0.000487751 0.000458279 0.000349084 0.000319716 0.000398269 0.00090822 0
0.54 0.805753 0.0578482 0.0191499 0.0293071 0.0279315 0.0600106 0.190636 0.0622187 0.102363 0.096082 0.204274 0.0888567 0.0820313 0.0513583 0.0529186 0.063381 0.624029 0.61349 0.633045 0.624064 0.625315 0.369235 0.358448 0.348693 0.345653 0.353071 0.287375 0 0.000362076 0.000875897 0.000351038 0.0004477 0.00031353 0.000611069 0.003273 0.00132513 0.00177554 0.00107356 0.00261487 0.00157374 0.00171746 0.00137701 0.00120351 0.00138649 0.00104774 0.00141066 0.00112451 0.00105169 0.00112678 0.000487751 0.000458279 0.000349084 0.000319716 0.000398269 0.00090822 0
0.56 0.806263 0.0585873 0.0202281 0.0285122 0.0294209 0.056989 0.196427 0.0657292 0.0989623 0.102131 0.192878 0.0823567 0.0818735 0.0540881 0.0494195 0.0657132 0.629861 0.614205 0.631673 0.627262 0.624061 0.367794 0.358566 0.349728 0.345016 0.353916 0.288522 0 0.000236294 0.000488604 0.000301234 0.000448399 0.000287185 0.000466884 0.00202008 0.0011219 0.00171412 0.00111932 0.00183931 0.00127264 0.0014784 0.00115533 0.00114085 0.000855005 0.000804608 0.00109079 0.000847174 0.000902907 0.000701036 0.000499094 0.000476907 0.000384758 0.000354315 0.000308422 0.000618884 0
0.58 0.806263 0.0585873 0.0202281 0.0285122 0.0294209 0.056989 0.196427 0.0657292 0.0989623 0.102131 0.192878 0.0823567 0.0818735 0.0540881 0.0494195 0.0657132 0.629861 0.614205 0.631673 0.627262 0.624061 0.367794 0.358566 0.349728 0.345016 0.353916 0.288522 0 0.000236294 0.000488604 0.000301234 0.000448399 0.000287185 0.000466884 0.00202008 0.0011219 0.00171412 0.00111932 0.00183931 0.00127264 0.0014784 0.00115533 0.00114085 0.000855005 0.000804608 0.00109079 0.000847174 0.000902907 0.000701036 0.000499094 0.000476907 0.000384758 0.000354315 0.000308422 0.000618884 0
0.6 0.806963 0.0591156 0.0222222 0.0274906 0.0316329 0.0525757 0.201927 0.072734 0.0945879 0.111145 0.176594 0.0747105 0.0793244 0.0578625 0.0448339 0.0687995 0.636054 0.617048 0.62973 0.631753 0.622497 0.365783 0.358248 0.351129 0.344306 0.355055 0.290166 0 0.000283176 0.000652938 0.000362823 0.000376047 0.00031829 0.000410423 0.00249288 0.00134206 0.00154551 0.00104633 0.00165477 0.00109968 0.00147049 0.00145194 0.000851058 0.00112062 0.000664322 0.00124365 0.00117601 0.000650336 0.000852473 0.000397988 0.000477369 0.000453262 0.000285824 0.000364478 0.000735787 0
0.62 0.806963 0.0591156 0.0222222 0.0274906 0.0316329 0.0525757 0.201927 0.072734 0.0945879 0.111145 0.176594 0.0747105 0.0793244 0.0578625 0.0448339 0.0687995 0.636054 0.617048 0.62973 0.631753 0.622497 0.365783 0.358248 0.351129 0.344306 0.355055 0.290166 0 0.000283176 0.000652938 0.000362823 0.000376047 0.00031829 0.000410423 0.00249288 0.00134206 0.00154551 0.00104633 0.00165477 0.00109968 0.00147049 0.00145194 0.000851058 0.00112062 0.000664322 0.00124365 0.00117601 0.000650336 0.000852473 0.000397988 0.000477369 0.000453262 0.000285824 0.000364478 0.000735787 0
0.64 0.807913 0.0579306 0.0252371 0.0265845 0.034409 0.047926 0.201325 0.0836994 0.0905058 0.122311 0.160365 0.067148 0.0744811 0.062378 0.0409911 0.070471 0.641687 0.62175 0.627496 0.636725 0.622378 0.363638 0.357463 0.352899 0.344293 0.355919 0.292421 0 0.000254054 0.000539433 0.000319364 0.000415517 0.000265953 0.00037649 0.00206441 0.0012268 0.00151574 0.00107448 0.00152588 0.000910108 0.00127706 0.00116938 0.00107029 0.00106672 0.000656667 0.00101288 0.000922675 0.000880605 0.00080567 0.000374935 0.000383285 0.000370308 0.000321278 0.000350841 0.000653791 0
0.66 0.808799 0.0552963 0.0293184 0.0267341 0.0373421 0.04251 0.195022 0.0986153 0.0900593 0.133563 0.14202 0.0594716 0.0691793 0.067307 0.0399464 0.0715867 0.645979 0.626544 0.625546 0.640636 0.623077 0.360683 0.356469 0.355095 0.345425 0.356856 0.294585 0 0.000274014 0.000645538 0.000378416 0.00039065 0.00032792 0.000369202 0.00246388 0.00159043 0.00143994 0.00143817 0.00140856 0.000761815 0.00161892 0.00121808 0.00118678 0.00110138 0.000639785 0.00130525 0.000958085 0.000976505 0.000930846 0.000258127 0.000451154 0.000374382 0.000316743 0.000378331 0.000714363 0
0.68 0.808799 0.0552963 0.0293184 0.0267341 0.0373421 0.04251 0.195022 0.0986153 0.0900593 0.133563 0.14202 0.0594716 0.0691793 0.067307 0.0399464 0.0715867 0.645979 0.626544 0.625546 0.640636 0.623077 0.360683 0.356469 0.355095 0.345425 0.356856 0.294585 0 0.000274014 0.000645538 0.000378416 0.00039065 0.00032792 0.000369202 0.00246388 0.00159043 0.00143994 0.00143817 0.00140856 0.000761815 0.00161892 0.00121808 0.00118678 0.00110138 0.000639785 0.00130525 0.000958085 0.000976505 0.000930846 0.000258127 0.000451154 0.000374382 0.000316743 0.000378331 0.000714363 0
0.7 0.809314 0.0510332 0.0342075 0.0292121 0.0385549 0.0376786 0.181808 0.116339 0.0979508 0.137335 0.126286 0.0526802 0.0650716 0.0701197 0.043412 0.0707416 0.647866 0.630254 0.625174 0.64156 0.62504 0.357252 0.35581 0.356763 0.347906 0.357144 0.295823 0 0.000303216 0.000656076 0.000391853 0.000433638 0.000486346 0.000469255 0.00225787 0.00170402 0.00167061 0.0020753 0.00174347 0.000753505 0.00169878 0.00155837 0.00129671 0.00122191 0.00059798 0.00125821 0.0012174 0.00109049 0.000914002 0.000314922 0.000504432 0.000406259 0.000379816 0.000402281 0.000804458 0
0.72 0.809314 0.0510332 0.0342075 0.0292121 0.0385549 0.0376786 0.181808 0.116339 0.0979508 0.137335 0.126286 0.0526802 0.0650716 0.0701197 0.043412 0.0707416 0.647866 0.630254 0.625174 0.64156 0.62504 0.357252 0.35581 0.356763 0.347906 0.357144 0.295823 0 0.000303216 0.000656076 0.000391853 0.000433638 0.000486346 0.000469255 0.00225787 0.00170402 0.00167061 0.0020753 0.00174347 0.000753505 0.00169878 0.00155837 0.00129671 0.00122191 0.00059798 0.00125821 0.0012174 0.00109049 0.000914002 0.000314922 0.000504432 0.000406259 0.000379816 0.000402281 0.000804458 0
0.74 0.809176 0.0475173 0.0390835 0.0326986 0.0377869 0.0337378 0.170232 0.133591 0.109207 0.133102 0.112959 0.0468864 0.0634339 0.0724106 0.0494057 0.0711236 0.647675 0.631866 0.624603 0.639722 0.625397 0.353335 0.355726 0.358065 0.350679 0.357443 0.295506 0 0.000285456 0.000606006 0.000481733 0.000435809 0.000372847 0.000317412 0.00223611 0.0019783 0.00163905 0.00149442 0.00120733 0.000644568 0.00156264 0.00130255 0.00111793 0.00111668 0.00065251 0.0011682 0.00107336 0.000874401 0.000911952 0.000273273 0.000551283 0.000358391 0.000298858 0.000323207 0.000744963 0
0.76 0.809241 0.0449445 0.0426957 0.0354391 0.0367429 0.0309363 0.16171 0.146627 0.1184 0.128614 0.103743 0.0421634 0.0617388 0.0728768 0.0532474 0.0707469 0.647089 0.633193 0.624982 0.638864 0.626172 0.350064 0.355465 0.358619 0.352704 0.357547 0.295686 0 0.000269428 0.000530006 0.0006623 0.000602528 0.00045844 0.0005092 0.00211466 0.00258856 0.00238592 0.00171521 0.00181271 0.000831915 0.00135579 0.00174905 0.000931772 0.00103462 0.000800689 0.00096489 0.00126481 0.000819588 0.000688193 0.000367287 0.000448311 0.000502887 0.000317055 0.000470724 0.000704696 0
0.78 0.809241 0.0449445 0.0426957 0.0354391 0.0367429 0.0309363 0.16171 0.146627 0.1184 0.128614 0.103743 0.0421634 0.0617388 0.0728768 0.0532474 0.0707469 0.647089 0.633193 0.624982 0.638864 0.626172 0.350064 0.355465 0.358619 0.352704 0.357547 0.295686 0 0.000269428 0.000530006 0.0006623 0.000602528 0.00045844 0.0005092 0.00211466 0.00258856 0.00238592 0.00171521 0.00181271 0.000831915 0.00135579 0.00174905 0.000931772 0.00103462 0.000800689 0.00096489 0.00126481 0.000819588 0.000688193 0.000367287 0.000448311 0.000502887 0.000317055 0.000470724 0.000704696 0
0.8 0.808969 0.0431398 0.0451461 0.0367049 0.036045 0.0299955 0.155143 0.155152 0.122073 0.125477 0.100659 0.040406 0.0613733 0.07516 0.0558839 0.0701224 0.645411 0.633375 0.623898 0.637677 0.626472 0.348149 0.355365 0.359666 0.353798 0.357257 0.295045 0 0.000331544 0.000489161 0.000598254 0.000519946 0.000567315 0.000323243 0.001769 0.00253864 0.00216338 0.00207503 0.00102634 0.000782124 0.00163191 0.00198781 0.00105809 0.00115509 0.000772662 0.00125055 0.00147797 0.000838897 0.000925785 0.000255274 0.000471291 0.000559154 0.000339694 0.000334019 0.00086606 0
0.82 0.808969 0.0431398 0.0451461 0.0367049 0.036045 0.0299955 0.155143 0.155152 0.122073 0.125477 0.100659 0.040406 0.0613733 0.07516 0.0558839 0.0701224 0.645411 0.633375 0.623898 0.637677 0.626472 0.348149 0.355365 0.359666 0.353798 0.357257 0.295045 0 0.000331544 0.000489161 0.000598254 0.000519946 0.000567315 0.000323243 0.001769 0.00253864 0.00216338 0.00207503 0.00102634 0.000782124 0.00163191 0.00198781 0.00105809 0.00115509 0.000772662 0.00125055 0.00147797 0.000838897 0.000925785 0.000255274 0.000471291 0.000559154 0.000339694 0.000334019 0.00086606 0
0.84 0.808941 0.0422226 0.0464414 0.0374163 0.0358214 0.0291577 0.151885 0.159817 0.124377 0.124485 0.0978961 0.0389797 0.0609601 0.0756871 0.0569899 0.0700308 0.644605 0.633657 0.623775 0.637518 0.626564 0.346856 0.355292 0.359983 0.354397 0.357287 0.294992 0 0.000225979 0.000473474 0.000547726 0.000567342 0.00037803 0.000464738 0.00174615 0.00216085 0.00233839 0.00132415 0.0017621 0.000633149 0.00115131 0.00167666 0.000652954 0.00123828 0.000550889 0.000865572 0.00122734 0.000608506 0.000992262 0.000356943 0.000364204 0.000582489 0.0002752 0.000443959 0.000578332 0
0.86 0.808941 0.0422226 0.0464414 0.0374163 0.0358214 0.0291577 0.151885 0.159817 0.124377 0.124485 0.0978961 0.0389797 0.0609601 0.0756871 0.0569899 0.0700308 0.644605 0.633657 0.623775 0.637518 0.626564 0.346856 0.355292 0.359983 0.354397 0.357287 0.294992 0 0.000225979 0.000473474 0.000547726 0.000567342 0.00037803 0.000464738 0.00174615 0.00216085 0.00233839 0.00132415 0.0017621 0.000633149 0.00115131 0.00167666 0.000652954 0.00123828 0.000550889 0.000865572 0.00122734 0.000608506 0.000992262 0.000356943 0.000364204 0.000582489 0.0002752 0.000443959 0.000578332 0
0.88 0.808926 0.0417177 0.0469461 0.037636 0.035862 0.0289123 0.150027 0.161688 0.125005 0.124599 0.0971271 0.0385504 0.0605901 0.0761281 0.0572883 0.0697162 0.644116 0.63387 0.623575 0.637561 0.626744 0.346387 0.355201 0.360203 0.354633 0.357095 0.294976 0 0.000498766 0.000685764 0.000796826 0.000772964 0.00073868 0.000397612 0.0023282 0.00364148 0.00323536 0.00264639 0.0013086 0.000904374 0.00246679 0.00274465 0.00150449 0.00180264 0.000883305 0.0019399 0.00214749 0.00118097 0.00138253 0.000222098 0.000652036 0.0007075 0.000410108 0.000503629 0.00130242 0
0.9 0.808958 0.0417312 0.047095 0.0376772 0.03551 0.0290285 0.150121 0.162251 0.125217 0.123308 0.0976269 0.0383566 0.0603805 0.0759679 0.0573788 0.0694692 0.644162 0.633958 0.623794 0.637379 0.627139 0.346268 0.355122 0.360227 0.354551 0.357167 0.295066 0 0.000453484 0.000575239 0.000863966 0.000836116 0.000451409 0.000580188 0.00212911 0.00369828 0.0033284 0.001551 0.00199095 0.00116789 0.00212224 0.00253027 0.00138653 0.00154189 0.00100265 0.00172626 0.0018534 0.00108138 0.00128206 0.000346822 0.000553748 0.000743019 0.000388956 0.000472047 0.00117498 0
0.92 0.808958 0.0417312 0.047095 0.0376772 0.03551 0.0290285 0.150121 0.162251 0.125217 0.123308 0.0976269 0.0383566 0.0603805 0.0759679 0.0573788 0.0694692 0.644162 0.633958 0.623794 0.637379 0.627139 0.346268 0.355122 0.360227 0.354551 0.357167 0.295066 0 0.000453484 0.000575239 0.000863966 0.000836116 0.000451409 0.000580188 0.00212911 0.00369828 0.0033284 0.001551 0.00199095 0.00116789 0.00212224 0.00253027 0.00138653 0.00154189 0.00100265 0.00172626 0.0018534 0.00108138 0.00128206 0.000346822 0.000553748 0.000743019 0.000388956 0.000472047 0.00117498 0
0.94 0.808854 0.0417392 0.0469628 0.0376477 0.0357835 0.0290122 0.150069 0.161587 0.124914 0.12425 0.0974819 0.0385604 0.0608526 0.0766573 0.0575339 0.0696862 0.643858 0.633577 0.623324 0.637397 0.626804 0.346276 0.3552 0.360388 0.354698 0.357077 0.294794 0 0.000322861 0.000487209 0.000587648 0.000518334 0.000464055 0.000457376 0.00170682 0.00251592 0.0021556 0.00169839 0.00162627 0.000756825 0.00160223 0.00185189 0.00114302 0.00105224 0.000685979 0.00117624 0.00148424 0.00085929 0.00091945 0.000279121 0.000496238 0.000477055 0.000394413 0.000281008 0.000840303 0
0.96 0.808854 0.0417392 0.0469628 0.0376477 0.0357835 0.0290122 0.150069 0.161587 0.124914 0.12425 0.0974819 0.0385604 0.0608526 0.0766573 0.0575339 0.0696862 0.643858 0.633577 0.623324 0.637397 0.626804 0.346276 0.3552 0.360388 0.354698 0.357077 0.294794 0 0.000322861 0.000487209 0.000587648 0.000518334 0.000464055 0.000457376 0.00170682 0.00251592 0.0021556 0.00169839 0.00162627 0.000756825 0.00160223 0.00185189 0.00114302 0.00105224 0.000685979 0.00117624 0.00148424 0.00085929 0.00091945 0.000279121 0.000496238 0.000477055 0.000394413 0.000281008 0.000840303 0
0.98 0.808923 0.0416599 0.0472683 0.0374825 0.0359539 0.0287126 0.149857 0.162889 0.124367 0.12495 0.0963693 0.0383066 0.0603788 0.0765325 0.0572052 0.0701338 0.644067 0.634011 0.623352 0.637613 0.626453 0.346173 0.355142 0.360348 0.354615 0.357254 0.29497 0 0.000402706 0.000641605 0.000931949 0.000729528 0.000561598 0.000587345 0.00231235 0.00405163 0.00272225 0.00215884 0.00206109 0.000891514 0.00217046 0.0017798 0.00152309 0.00152613 0.000733073 0.00166966 0.00142366 0.00118837 0.00131381 0.000336406 0.000550848 0.000476268 0.000396594 0.000423805 0.00104762 0
1 0.808878 0.041907 0.0468475 0.0378266 0.0354928 0.0290477 0.150766 0.161135 0.12569 0.123139 0.0976116 0.0383724 0.0610111 0.0761273 0.0578235 0.069727 0.644142 0.633494 0.623741 0.637126 0.62683 0.34629 0.355255 0.360299 0.354723 0.357173 0.294843 0 0.000440332 0.000571628 0.000699488 0.000792605 0.000670897 0.000530178 0.00198759 0.00290696 0.00337444 0.00233273 0.00190171 0.000995707 0.00203483 0.00268634 0.00124353 0.00178331 0.000940241 0.00151683 0.00212375 0.000930395 0.00148329 0.000259905 0.000623284 0.000659479 0.000429985 0.00050291 0.00114776 0
