# Table 
0 0.88477 0.0322187 0.00967659 0.018427 0.0138984 0.0410098 0.188037 0.0593344 0.121104 0.0873766 0.263243 0.159165 0.114875 0.0640565 0.0908448 0.0808771 1.09698 1.11259 1.14487 1.11871 1.13226 0.642643 0.623345 0.609439 0.612158 0.61345 0.518016 0 0.000288711 0.000581097 0.000274841 0.000407262 0.000200459 0.000621218 0.00443261 0.0020393 0.00275396 0.00146241 0.00402425 0.00438381 0.00421912 0.00199731 0.00360469 0.00175573 0.00319425 0.00320671 0.00161427 0.00278709 0.00144888 0.00121524 0.000987582 0.000557888 0.000705526 0.000534448 0.00201191 0
0.02 0.884661 0.0325666 0.00956577 0.0184198 0.0138725 0.0409139 0.190008 0.0585376 0.120955 0.0870867 0.262248 0.159719 0.116227 0.0644065 0.0918783 0.0815088 1.09657 1.11163 1.14442 1.11789 1.13137 0.643023 0.623526 0.609212 0.612321 0.613261 0.517292 0 0.000175883 0.000556438 0.000308873 0.000322937 0.000161488 0.000496989 0.00363151 0.0021311 0.0022851 0.00112649 0.00365579 0.00258381 0.00310824 0.00145561 0.00202273 0.00156614 0.00172521 0.00223215 0.00136155 0.00133979 0.00130543 0.000878681 0.000882597 0.000469813 0.00069769 0.000344185 0.00124409 0
0.04 0.884654 0.0324526 0.00953369 0.0184795 0.0138326 0.0410475 0.189128 0.0582915 0.121342 0.0868018 0.263213 0.160607 0.116911 0.064472 0.0925135 0.0812494 1.09609 1.11135 1.14437 1.11771 1.13157 0.643342 0.623838 0.60924 0.612616 0.613177 0.517199 0 0.000157031 0.000420866 0.000266013 0.000281975 0.000208942 0.000461797 0.00312483 0.00182659 0.00193169 0.00137138 0.00322594 0.00247552 0.00281604 0.00137792 0.00184303 0.00152529 0.00171368 0.00189274 0.000936887 0.0012873 0.000916132 0.000869082 0.0010837 0.000616565 0.000562222 0.000697425 0.00114186 0
0.06 0.884654 0.0324526 0.00953369 0.0184795 0.0138326 0.0410475 0.189128 0.0582915 0.121342 0.0868018 0.263213 0.160607 0.116911 0.064472 0.0925135 0.0812494 1.09609 1.11135 1.14437 1.11771 1.13157 0.643342 0.623838 0.60924 0.612616 0.613177 0.517199 0 0.000157031 0.000420866 0.000266013 0.000281975 0.000208942 0.000461797 0.00312483 0.00182659 0.00193169 0.00137138 0.00322594 0.00247552 0.00281604 0.00137792 0.00184303 0.00152529 0.00171368 0.00189274 0.000936887 0.0012873 0.000916132 0.000869082 0.0010837 0.000616565 0.000562222 0.000697425 0.00114186 0
0.08 0.884734 0.0325421 0.00949306 0.0184266 0.0138423 0.0409621 0.190024 0.0581012 0.121108 0.0870114 0.262803 0.159101 0.116435 0.0636883 0.0913239 0.0808444 1.09709 1.11179 1.14486 1.11853 1.13187 0.64287 0.623819 0.609079 0.612477 0.613073 0.517764 0 0.00019752 0.000506942 0.000228265 0.000315629 0.000173146 0.000430176 0.00357364 0.00162069 0.00220474 0.00117992 0.00312415 0.00258903 0.00313023 0.00142598 0.00181153 0.00139963 0.00194527 0.0021056 0.0011971 0.00144727 0.00121657 0.0006956 0.00105718 0.00047723 0.000543967 0.00033763 0.00136822 0
0.1 0.884734 0.0325421 0.00949306 0.0184266 0.0138423 0.0409621 0.190024 0.0581012 0.121108 0.0870114 0.262803 0.159101 0.116435 0.0636883 0.0913239 0.0808444 1.09709 1.11179 1.14486 1.11853 1.13187 0.64287 0.623819 0.609079 0.612477 0.613073 0.517764 0 0.00019752 0.000506942 0.000228265 0.000315629 0.000173146 0.000430176 0.00357364 0.00162069 0.00220474 0.00117992 0.00312415 0.00258903 0.00313023 0.00142598 0.00181153 0.00139963 0.00194527 0.0021056 0.0011971 0.00144727 0.00121657 0.0006956 0.00105718 0.00047723 0.000543967 0.00033763 0.00136822 0
0.12 0.884812 0.0322832 0.00974138 0.0183056 0.0138775 0.0409804 0.188626 0.0598617 0.120291 0.0873456 0.263124 0.158684 0.113535 0.0640905 0.0903552 0.0804675 1.09744 1.1135 1.14491 1.11929 1.13237 0.642733 0.622982 0.609401 0.612185 0.613175 0.518326 0 0.000188858 0.000471993 0.000247209 0.000227 0.000191722 0.000544556 0.00326786 0.00179391 0.00163707 0.0012621 0.00379526 0.00279345 0.00347593 0.00152659 0.00203102 0.00156742 0.00195939 0.00240606 0.00125972 0.00159211 0.00119388 0.000856405 0.00117888 0.000490486 0.000533699 0.000418195 0.00130609 0
0.14 0.884785 0.0321647 0.00960185 0.0184209 0.013822 0.0412059 0.187628 0.0588631 0.12108 0.0868987 0.264677 0.160164 0.115338 0.0637692 0.091301 0.0803089 1.09646 1.11238 1.14495 1.11851 1.13256 0.643187 0.623438 0.609165 0.612417 0.613173 0.518121 0 0.000215525 0.000451224 0.000228349 0.000254232 0.000159975 0.000509927 0.0031775 0.00161884 0.00178985 0.00104905 0.00360277 0.00282408 0.00325697 0.00166504 0.00227838 0.00173904 0.00190066 0.00227612 0.00141358 0.00169256 0.00141187 0.00109408 0.00118862 0.000523947 0.000660096 0.000441434 0.00154664 0
0.16 0.884785 0.0321647 0.00960185 0.0184209 0.013822 0.0412059 0.187628 0.0588631 0.12108 0.0868987 0.264677 0.160164 0.115338 0.0637692 0.091301 0.0803089 1.09646 1.11238 1.14495 1.11851 1.13256 0.643187 0.623438 0.609165 0.612417 0.613173 0.518121 0 0.000215525 0.000451224 0.000228349 0.000254232 0.000159975 0.000509927 0.0031775 0.00161884 0.00178985 0.00104905 0.00360277 0.00282408 0.00325697 0.00166504 0.00227838 0.00173904 0.00190066 0.00227612 0.00141358 0.00169256 0.00141187 0.00109408 0.00118862 0.000523947 0.000660096 0.000441434 0.00154664 0
0.18 0.884749 0.032238 0.00961022 0.0184551 0.0137796 0.0411681 0.188022 0.058889 0.121272 0.0865928 0.26428 0.160002 0.115337 0.063899 0.0914117 0.0803072 1.09661 1.11231 1.14493 1.11853 1.13226 0.64325 0.623381 0.609213 0.612586 0.612932 0.517899 0 0.000210708 0.000460394 0.000255071 0.000194933 0.000216503 0.00041465 0.00339184 0.00170059 0.00136289 0.001314 0.00289366 0.00304696 0.00328889 0.00183814 0.00209001 0.00174367 0.00222277 0.00258107 0.00145002 0.00131285 0.00123934 0.000729068 0.000928266 0.0006243 0.000722568 0.000602558 0.00151587 0
0.2 0.884749 0.032238 0.00961022 0.0184551 0.0137796 0.0411681 0.188022 0.058889 0.121272 0.0865928 0.26428 0.160002 0.115337 0.063899 0.0914117 0.0803072 1.09661 1.11231 1.14493 1.11853 1.13226 0.64325 0.623381 0.609213 0.612586 0.612932 0.517899 0 0.000210708 0.000460394 0.000255071 0.000194933 0.000216503 0.00041465 0.00339184 0.00170059 0.00136289 0.001314 0.00289366 0.00304696 0.00328889 0.00183814 0.00209001 0.00174367 0.00222277 0.00258107 0.00145002 0.00131285 0.00123934 0.000729068 0.000928266 0.0006243 0.000722568 0.000602558 0.00151587 0
0.22 0.884785 0.0324555 0.00954064 0.018422 0.0138385 0.0409582 0.189692 0.058481 0.121093 0.0870477 0.262879 0.158603 0.115147 0.0636079 0.0907936 0.0804587 1.09756 1.11236 1.14504 1.11895 1.13212 0.642891 0.623318 0.609091 0.612348 0.612967 0.518143 0 0.000169787 0.000727749 0.000285135 0.000455783 0.000211606 0.000676123 0.00542153 0.00199481 0.00307615 0.00162203 0.00467702 0.00464077 0.00352373 0.00119807 0.00335068 0.00139896 0.00320714 0.00248207 0.000853104 0.00247437 0.000981755 0.00125607 0.00106693 0.00067022 0.000858099 0.000488702 0.00123688 0
0.24 0.884785 0.0324555 0.00954064 0.018422 0.0138385 0.0409582 0.189692 0.058481 0.121093 0.0870477 0.262879 0.158603 0.115147 0.0636079 0.0907936 0.0804587 1.09756 1.11236 1.14504 1.11895 1.13212 0.642891 0.623318 0.609091 0.612348 0.612967 0.518143 0 0.000169787 0.000727749 0.000285135 0.000455783 0.000211606 0.000676123 0.00542153 0.00199481 0.00307615 0.00162203 0.00467702 0.00464077 0.00352373 0.00119807 0.00335068 0.00139896 0.00320714 0.00248207 0.000853104 0.00247437 0.000981755 0.00125607 0.00106693 0.00067022 0.000858099 0.000488702 0.00123688 0
0.26 0.884666 0.0323461 0.00953249 0.0184309 0.0138514 0.0411728 0.188461 0.0582747 0.121011 0.0869432 0.26413 0.160459 0.116738 0.0643832 0.0920922 0.0809296 1.0961 1.11121 1.14436 1.11779 1.1318 0.643183 0.623633 0.609316 0.61255 0.61309 0.51732 0 0.000209411 0.000613743 0.000210679 0.000382162 0.000232295 0.000581811 0.00425535 0.00147588 0.00263923 0.00169382 0.00417219 0.00364399 0.00330574 0.00139236 0.00297019 0.00163353 0.00246513 0.00236018 0.001233 0.00190236 0.00147325 0.00113928 0.000933044 0.000535351 0.00092161 0.000327112 0.00149809 0
0.28 0.884716 0.0323866 0.00954138 0.0184134 0.0137976 0.0411445 0.188888 0.058402 0.120958 0.0866426 0.264043 0.159917 0.116136 0.0642099 0.0917857 0.0807031 1.09666 1.11213 1.14468 1.11827 1.13206 0.643269 0.623708 0.609327 0.61257 0.613133 0.517573 0 0.000235509 0.000474051 0.000178894 0.00033428 0.000178914 0.000417301 0.00337671 0.00125813 0.00228212 0.00121309 0.00302023 0.00380814 0.00331456 0.00180542 0.00297351 0.00177571 0.00267584 0.00256181 0.00141684 0.00201062 0.00140487 0.00107285 0.000944104 0.000524551 0.000846707 0.000405519 0.00165874 0
0.3 0.884716 0.0323866 0.00954138 0.0184134 0.0137976 0.0411445 0.188888 0.058402 0.120958 0.0866426 0.264043 0.159917 0.116136 0.0642099 0.0917857 0.0807031 1.09666 1.11213 1.14468 1.11827 1.13206 0.643269 0.623708 0.609327 0.61257 0.613133 0.517573 0 0.000235509 0.000474051 0.000178894 0.00033428 0.000178914 0.000417301 0.00337671 0.00125813 0.00228212 0.00121309 0.00302023 0.00380814 0.00331456 0.00180542 0.00297351 0.00177571 0.00267584 0.00256181 0.00141684 0.00201062 0.00140487 0.00107285 0.000944104 0.000524551 0.000846707 0.000405519 0.00165874 0
0.32 0.884706 0.0323777 0.00958021 0.0183402 0.013843 0.0411532 0.188866 0.058633 0.120459 0.0869388 0.264026 0.159886 0.115964 0.0643742 0.0915869 0.0807743 1.09679 1.11183 1.14463 1.11822 1.13195 0.643247 0.623431 0.60934 0.612381 0.613084 0.517562 0 0.000161386 0.000583584 0.000299178 0.00030135 0.000191726 0.000572058 0.00417787 0.00210353 0.00207877 0.00140231 0.00394688 0.00331992 0.00377193 0.00135866 0.00271523 0.00130037 0.00219323 0.00254764 0.00107825 0.00176113 0.00109864 0.00107755 0.00112759 0.000673598 0.000825465 0.000503196 0.00111175 0
0.34 0.884706 0.0323777 0.00958021 0.0183402 0.013843 0.0411532 0.188866 0.058633 0.120459 0.0869388 0.264026 0.159886 0.115964 0.0643742 0.0915869 0.0807743 1.09679 1.11183 1.14463 1.11822 1.13195 0.643247 0.623431 0.60934 0.612381 0.613084 0.517562 0 0.000161386 0.000583584 0.000299178 0.00030135 0.000191726 0.000572058 0.00417787 0.00210353 0.00207877 0.00140231 0.00394688 0.00331992 0.00377193 0.00135866 0.00271523 0.00130037 0.00219323 0.00254764 0.00107825 0.00176113 0.00109864 0.00107755 0.00112759 0.000673598 0.000825465 0.000503196 0.00111175 0
0.36 0.884777 0.0324447 0.00969902 0.0182897 0.0138428 0.0409467 0.189672 0.0595032 0.120152 0.0870502 0.262753 0.158536 0.114414 0.0643256 0.090868 0.0808313 1.09764 1.11279 1.14479 1.11891 1.13202 0.642732 0.623003 0.609481 0.612249 0.613273 0.518086 0 0.000226869 0.000523684 0.000197058 0.000385807 0.000158209 0.000482774 0.00375976 0.00142686 0.00259895 0.00115639 0.00337548 0.00343045 0.00295323 0.0014064 0.0028931 0.00137793 0.00230269 0.00224405 0.00134314 0.0018217 0.00138164 0.00111204 0.00095175 0.000498584 0.0009803 0.000466977 0.00158886 0
0.38 0.884648 0.0326343 0.00960959 0.0183318 0.0139423 0.0408337 0.190573 0.0587644 0.120261 0.0875837 0.261566 0.15947 0.116791 0.0649944 0.0917166 0.0819401 1.09721 1.11121 1.14401 1.11805 1.13106 0.643185 0.623768 0.609366 0.61245 0.613323 0.517128 0 0.000176054 0.000436434 0.000211452 0.000275245 0.000159707 0.000439813 0.00307215 0.00144238 0.00189086 0.00107735 0.00309646 0.00246074 0.00350684 0.00144338 0.00212939 0.00139213 0.00198097 0.0022641 0.00119248 0.00148348 0.00102255 0.00067851 0.0012099 0.000476724 0.000740458 0.000506258 0.00124102 0
0.4 0.884648 0.0326343 0.00960959 0.0183318 0.0139423 0.0408337 0.190573 0.0587644 0.120261 0.0875837 0.261566 0.15947 0.116791 0.0649944 0.0917166 0.0819401 1.09721 1.11121 1.14401 1.11805 1.13106 0.643185 0.623768 0.609366 0.61245 0.613323 0.517128 0 0.000176054 0.000436434 0.000211452 0.000275245 0.000159707 0.000439813 0.00307215 0.00144238 0.00189086 0.00107735 0.00309646 0.00246074 0.00350684 0.00144338 0.00212939 0.00139213 0.00198097 0.0022641 0.00119248 0.00148348 0.00102255 0.00067851 0.0012099 0.000476724 0.000740458 0.000506258 0.00124102 0
0.42 0.884723 0.0322216 0.00965349 0.0184101 0.0139063 0.0410857 0.188122 0.0590797 0.120865 0.0873064 0.263507 0.159672 0.116087 0.0647313 0.0919512 0.0814203 1.09747 1.11155 1.14434 1.11795 1.13176 0.643355 0.623337 0.609554 0.612436 0.613406 0.517639 0 0.000269293 0.000565845 0.000242082 0.000340641 0.000216451 0.000454482 0.00360358 0.00169182 0.00247221 0.00141939 0.00338465 0.00333875 0.00356782 0.00227762 0.00260015 0.00214595 0.00239158 0.0024146 0.00186151 0.00194264 0.00167143 0.000994066 0.00109383 0.000669886 0.000796337 0.000656249 0.00190808 0
0.44 0.884723 0.0322216 0.00965349 0.0184101 0.0139063 0.0410857 0.188122 0.0590797 0.120865 0.0873064 0.263507 0.159672 0.116087 0.0647313 0.0919512 0.0814203 1.09747 1.11155 1.14434 1.11795 1.13176 0.643355 0.623337 0.609554 0.612436 0.613406 0.517639 0 0.000269293 0.000565845 0.000242082 0.000340641 0.000216451 0.000454482 0.00360358 0.00169182 0.00247221 0.00141939 0.00338465 0.00333875 0.00356782 0.00227762 0.00260015 0.00214595 0.00239158 0.0024146 0.00186151 0.00194264 0.00167143 0.000994066 0.00109383 0.000669886 0.000796337 0.000656249 0.00190808 0
0.46 0.884698 0.0324586 0.00968505 0.018336 0.0140329 0.0407891 0.189891 0.0591655 0.120283 0.0881858 0.261207 0.158377 0.11753 0.0653542 0.0909137 0.0823118 1.09888 1.11125 1.144 1.11847 1.13103 0.643213 0.624113 0.609734 0.612103 0.613562 0.517436 0 0.000228232 0.000563487 0.000264199 0.000369068 0.000256021 0.00055295 0.0036941 0.00170378 0.00266799 0.00169451 0.00409467 0.00285859 0.00272822 0.00229822 0.00239671 0.00218635 0.00195553 0.00184986 0.00174043 0.00168592 0.00167278 0.000876822 0.00104749 0.000637712 0.000859086 0.000523214 0.00164462 0
0.48 0.884698 0.0324586 0.00968505 0.018336 0.0140329 0.0407891 0.189891 0.0591655 0.120283 0.0881858 0.261207 0.158377 0.11753 0.0653542 0.0909137 0.0823118 1.09888 1.11125 1.144 1.11847 1.13103 0.643213 0.624113 0.609734 0.612103 0.613562 0.517436 0 0.000228232 0.000563487 0.000264199 0.000369068 0.000256021 0.00055295 0.0036941 0.00170378 0.00266799 0.00169451 0.00409467 0.00285859 0.00272822 0.00229822 0.00239671 0.00218635 0.00195553 0.00184986 0.00174043 0.00168592 0.00167278 0.000876822 0.00104749 0.000637712 0.000859086 0.000523214 0.00164462 0
0.5 0.884604 0.0329705 0.0097894 0.0182025 0.0142527 0.0401806 0.193742 0.0596138 0.119081 0.0895805 0.256327 0.156662 0.119042 0.067003 0.0910381 0.0847707 1.10134 1.10939 1.1426 1.11839 1.12904 0.643469 0.623965 0.609874 0.612155 0.613963 0.51672 0 0.000141051 0.000580983 0.000223082 0.000315009 0.000169962 0.000507024 0.00391968 0.00153588 0.00225744 0.00115212 0.00376589 0.00234235 0.00230083 0.00142678 0.00166947 0.00137783 0.00154582 0.00169026 0.00143935 0.00109602 0.00124292 0.000713604 0.000741 0.000517201 0.000649472 0.000337666 0.00101586 0
0.52 0.884719 0.0334618 0.0100319 0.0177887 0.0145536 0.0394455 0.198403 0.0610817 0.116124 0.0918871 0.25099 0.151048 0.119214 0.0686008 0.0878998 0.0864739 1.10668 1.10966 1.14171 1.12081 1.12803 0.642629 0.624186 0.610383 0.611566 0.614427 0.517418 0 0.000195715 0.000506961 0.000184322 0.000262146 0.000215619 0.00047136 0.00333012 0.00121677 0.00189633 0.00140356 0.00354989 0.00248695 0.00233664 0.00179336 0.00199185 0.00197287 0.00177398 0.0017824 0.001308 0.00158057 0.00156194 0.000652254 0.000983269 0.000598912 0.000532635 0.000461614 0.0014089 0
0.54 0.884719 0.0334618 0.0100319 0.0177887 0.0145536 0.0394455 0.198403 0.0610817 0.116124 0.0918871 0.25099 0.151048 0.119214 0.0686008 0.0878998 0.0864739 1.10668 1.10966 1.14171 1.12081 1.12803 0.642629 0.624186 0.610383 0.611566 0.614427 0.517418 0 0.000195715 0.000506961 0.000184322 0.000262146 0.000215619 0.00047136 0.00333012 0.00121677 0.00189633 0.00140356 0.00354989 0.00248695 0.00233664 0.00179336 0.00199185 0.00197287 0.00177398 0.0017824 0.001308 0.00158057 0.00156194 0.000652254 0.000983269 0.000598912 0.000532635 0.000461614 0.0014089 0
0.56 0.884642 0.0339201 0.0104958 0.0175297 0.0150851 0.0383272 0.202678 0.0636844 0.113819 0.0954114 0.242342 0.147062 0.121534 0.0721384 0.0860908 0.0905119 1.11143 1.10833 1.13917 1.12156 1.12511 0.642516 0.624844 0.611034 0.610895 0.615284 0.516775 0 0.000212304 0.000461413 0.000169911 0.000295878 0.00013292 0.000375221 0.00322347 0.00122268 0.00210389 0.000790226 0.00249924 0.00242857 0.0034268 0.00213945 0.00195316 0.00156032 0.00175458 0.00223168 0.00165565 0.00159471 0.00121016 0.000704018 0.00110963 0.000811676 0.000692535 0.000464313 0.00148925 0
0.58 0.884642 0.0339201 0.0104958 0.0175297 0.0150851 0.0383272 0.202678 0.0636844 0.113819 0.0954114 0.242342 0.147062 0.121534 0.0721384 0.0860908 0.0905119 1.11143 1.10833 1.13917 1.12156 1.12511 0.642516 0.624844 0.611034 0.610895 0.615284 0.516775 0 0.000212304 0.000461413 0.000169911 0.000295878 0.00013292 0.000375221 0.00322347 0.00122268 0.00210389 0.000790226 0.00249924 0.00242857 0.0034268 0.00213945 0.00195316 0.00156032 0.00175458 0.00223168 0.00165565 0.00159471 0.00121016 0.000704018 0.00110963 0.000811676 0.000692535 0.000464313 0.00148925 0
0.6 0.884712 0.0342433 0.0110055 0.0172787 0.015802 0.0369583 0.207018 0.0665004 0.11155 0.100332 0.232223 0.1399 0.123927 0.0760719 0.0828625 0.0947533 1.11848 1.10722 1.13691 1.12353 1.12244 0.641529 0.625594 0.61234 0.610011 0.616536 0.517092 0 0.000211243 0.000508908 0.000196393 0.000312061 0.000217807 0.000394289 0.00340518 0.00127275 0.00233455 0.00131145 0.00310338 0.00215853 0.00263981 0.00255974 0.00135488 0.00216014 0.00157847 0.00182535 0.0019881 0.00126834 0.00187495 0.000544382 0.00114223 0.000764605 0.00051824 0.000610872 0.00151293 0
0.62 0.884712 0.0342433 0.0110055 0.0172787 0.015802 0.0369583 0.207018 0.0665004 0.11155 0.100332 0.232223 0.1399 0.123927 0.0760719 0.0828625 0.0947533 1.11848 1.10722 1.13691 1.12353 1.12244 0.641529 0.625594 0.61234 0.610011 0.616536 0.517092 0 0.000211243 0.000508908 0.000196393 0.000312061 0.000217807 0.000394289 0.00340518 0.00127275 0.00233455 0.00131145 0.00310338 0.00215853 0.00263981 0.00255974 0.00135488 0.00216014 0.00157847 0.00182535 0.0019881 0.00126834 0.00187495 0.000544382 0.00114223 0.000764605 0.00051824 0.000610872 0.00151293 0
0.64 0.885067 0.0343323 0.0118047 0.0169365 0.016754 0.0351058 0.211077 0.0713175 0.108749 0.107237 0.219642 0.128981 0.12373 0.0800102 0.0765916 0.0980287 1.12824 1.10832 1.13501 1.128 1.12133 0.639729 0.625895 0.61371 0.608552 0.617923 0.519366 0 0.000141795 0.000467467 0.000187305 0.000254051 0.000219595 0.000413191 0.00296535 0.00124322 0.00186631 0.00148257 0.00318834 0.00127947 0.00229992 0.00200592 0.00106002 0.00199307 0.000832411 0.00151989 0.0014414 0.000967934 0.00154617 0.000461484 0.000897857 0.000562465 0.000469406 0.000484555 0.00102822 0
0.66 0.885565 0.0344507 0.013337 0.0162086 0.0183792 0.0320595 0.215991 0.0812712 0.10309 0.119122 0.199225 0.115339 0.118121 0.0866323 0.0677312 0.102656 1.13902 1.11368 1.13172 1.13512 1.11952 0.636923 0.625079 0.615915 0.606959 0.619664 0.522711 0 0.000208024 0.000410089 0.00023578 0.000293897 0.0002554 0.000312573 0.00252616 0.00154576 0.00223838 0.00161382 0.00246345 0.00149933 0.00254608 0.00307295 0.00153422 0.00254818 0.00112725 0.00184396 0.00223858 0.00119155 0.00167807 0.000504418 0.000687286 0.000867737 0.000281189 0.000730469 0.00149535 0
0.68 0.885565 0.0344507 0.013337 0.0162086 0.0183792 0.0320595 0.215991 0.0812712 0.10309 0.119122 0.199225 0.115339 0.118121 0.0866323 0.0677312 0.102656 1.13902 1.11368 1.13172 1.13512 1.11952 0.636923 0.625079 0.615915 0.606959 0.619664 0.522711 0 0.000208024 0.000410089 0.00023578 0.000293897 0.0002554 0.000312573 0.00252616 0.00154576 0.00223838 0.00161382 0.00246345 0.00149933 0.00254608 0.00307295 0.00153422 0.00254818 0.00112725 0.00184396 0.00223858 0.00119155 0.00167807 0.000504418 0.000687286 0.000867737 0.000281189 0.000730469 0.00149535 0
0.7 0.886259 0.0333403 0.0156008 0.0158143 0.0204329 0.028553 0.212912 0.0963172 0.0996431 0.133885 0.177023 0.101463 0.109489 0.0935009 0.0603496 0.104629 1.14896 1.12139 1.12922 1.14266 1.12065 0.633634 0.623893 0.618618 0.606387 0.62124 0.527459 0 0.000185173 0.000400716 0.000301462 0.000261714 0.000220811 0.000278252 0.00275838 0.00207065 0.00187279 0.00138659 0.00213928 0.0016608 0.00262337 0.00266932 0.00145667 0.00242727 0.00120998 0.00196785 0.00194518 0.00111179 0.00163715 0.000441374 0.000682694 0.000609779 0.000475322 0.000738415 0.00133855 0
0.72 0.886259 0.0333403 0.0156008 0.0158143 0.0204329 0.028553 0.212912 0.0963172 0.0996431 0.133885 0.177023 0.101463 0.109489 0.0935009 0.0603496 0.104629 1.14896 1.12139 1.12922 1.14266 1.12065 0.633634 0.623893 0.618618 0.606387 0.62124 0.527459 0 0.000185173 0.000400716 0.000301462 0.000261714 0.000220811 0.000278252 0.00275838 0.00207065 0.00187279 0.00138659 0.00213928 0.0016608 0.00262337 0.00266932 0.00145667 0.00242727 0.00120998 0.00196785 0.00194518 0.00111179 0.00163715 0.000441374 0.000682694 0.000609779 0.000475322 0.000738415 0.00133855 0
0.74 0.886803 0.0308519 0.0190658 0.0162102 0.0227355 0.0243337 0.200025 0.119481 0.100842 0.149371 0.150716 0.0879805 0.0991238 0.103189 0.0598224 0.10646 1.15593 1.13006 1.12529 1.14727 1.12267 0.62901 0.62211 0.622334 0.608167 0.623183 0.531249 0 0.000175594 0.000404446 0.000394879 0.000254859 0.000258734 0.000335763 0.00261369 0.0027886 0.0017437 0.00190838 0.0024503 0.00115171 0.00280801 0.00229468 0.00184038 0.00217566 0.000854149 0.00200602 0.00184672 0.00143752 0.00170286 0.000482142 0.000756697 0.000551176 0.000583877 0.00058192 0.00129583 0
0.76 0.887018 0.0277671 0.0228736 0.0186158 0.0225508 0.0211749 0.181883 0.144678 0.115488 0.146654 0.131831 0.0758275 0.092552 0.105612 0.0689038 0.103508 1.15831 1.13503 1.12538 1.14523 1.12699 0.623097 0.620868 0.623871 0.612171 0.623405 0.532888 0 0.000264078 0.000424926 0.000405578 0.000312088 0.000342038 0.000309475 0.00259691 0.00314284 0.0019798 0.00264178 0.00210166 0.00130946 0.0037341 0.00287202 0.00261275 0.00234697 0.00134183 0.00271975 0.00220964 0.00215706 0.00201405 0.000354784 0.000927808 0.000648124 0.000598046 0.000471756 0.00192856 0
0.78 0.887018 0.0277671 0.0228736 0.0186158 0.0225508 0.0211749 0.181883 0.144678 0.115488 0.146654 0.131831 0.0758275 0.092552 0.105612 0.0689038 0.103508 1.15831 1.13503 1.12538 1.14523 1.12699 0.623097 0.620868 0.623871 0.612171 0.623405 0.532888 0 0.000264078 0.000424926 0.000405578 0.000312088 0.000342038 0.000309475 0.00259691 0.00314284 0.0019798 0.00264178 0.00210166 0.00130946 0.0037341 0.00287202 0.00261275 0.00234697 0.00134183 0.00271975 0.00220964 0.00215706 0.00201405 0.000354784 0.000927808 0.000648124 0.000598046 0.000471756 0.00192856 0
0.8 0.886847 0.0255487 0.0261448 0.0207399 0.0217512 0.0189687 0.168159 0.165845 0.127913 0.139785 0.11807 0.0671567 0.0903437 0.110263 0.0786707 0.103984 1.15694 1.13648 1.12306 1.14107 1.12785 0.617304 0.620446 0.62558 0.615822 0.6241 0.531708 0 0.000189584 0.000320748 0.000378678 0.000328431 0.000300507 0.00033979 0.00212345 0.00290549 0.00229255 0.00202474 0.00233591 0.00101199 0.00262737 0.0027335 0.00195391 0.00239232 0.000886476 0.00199291 0.00190443 0.0013933 0.0015655 0.000459407 0.000668576 0.000781723 0.000428635 0.000789623 0.00140112 0
0.82 0.886847 0.0255487 0.0261448 0.0207399 0.0217512 0.0189687 0.168159 0.165845 0.127913 0.139785 0.11807 0.0671567 0.0903437 0.110263 0.0786707 0.103984 1.15694 1.13648 1.12306 1.14107 1.12785 0.617304 0.620446 0.62558 0.615822 0.6241 0.531708 0 0.000189584 0.000320748 0.000378678 0.000328431 0.000300507 0.00033979 0.00212345 0.00290549 0.00229255 0.00202474 0.00233591 0.00101199 0.00262737 0.0027335 0.00195391 0.00239232 0.000886476 0.00199291 0.00190443 0.0013933 0.0015655 0.000459407 0.000668576 0.000781723 0.000428635 0.000789623 0.00140112 0
0.84 0.88674 0.0241915 0.0281372 0.0218651 0.0214649 0.0176014 0.159596 0.17876 0.134267 0.137292 0.109485 0.0617503 0.089354 0.114004 0.0834374 0.103945 1.15491 1.13705 1.12131 1.13976 1.12774 0.613256 0.620232 0.627045 0.618038 0.623729 0.531028 0 0.000153795 0.000335953 0.000427239 0.000301377 0.000268199 0.000330066 0.00231812 0.00320091 0.00213991 0.00179401 0.00225084 0.00118123 0.0023488 0.00233599 0.00156604 0.00210178 0.000907315 0.00175558 0.00170058 0.000978773 0.00146211 0.000352455 0.000654952 0.000674484 0.000608895 0.000736131 0.00116201 0
0.86 0.88674 0.0241915 0.0281372 0.0218651 0.0214649 0.0176014 0.159596 0.17876 0.134267 0.137292 0.109485 0.0617503 0.089354 0.114004 0.0834374 0.103945 1.15491 1.13705 1.12131 1.13976 1.12774 0.613256 0.620232 0.627045 0.618038 0.623729 0.531028 0 0.000153795 0.000335953 0.000427239 0.000301377 0.000268199 0.000330066 0.00231812 0.00320091 0.00213991 0.00179401 0.00225084 0.00118123 0.0023488 0.00233599 0.00156604 0.00210178 0.000907315 0.00175558 0.00170058 0.000978773 0.00146211 0.000352455 0.000654952 0.000674484 0.000608895 0.000736131 0.00116201 0
0.88 0.88683 0.0233372 0.0292917 0.022474 0.0211566 0.0169107 0.154229 0.18667 0.138128 0.135197 0.105495 0.0582082 0.0870929 0.113702 0.0847143 0.101903 1.15404 1.1383 1.12179 1.14002 1.12915 0.610772 0.619608 0.627274 0.618957 0.62323 0.531757 0 0.00029782 0.000391338 0.00063971 0.000499736 0.00032801 0.000361292 0.00242085 0.00511655 0.0034165 0.00221848 0.0022064 0.00164946 0.00427105 0.00349213 0.00279032 0.00249883 0.00141711 0.00322915 0.00261138 0.0021681 0.00199455 0.000546617 0.000967652 0.000911221 0.000594661 0.000608158 0.00216837 0
0.9 0.886653 0.0231541 0.0296353 0.022517 0.0211482 0.016892 0.152836 0.188484 0.137785 0.134773 0.105321 0.0579734 0.0884075 0.116935 0.0865803 0.102213 1.15235 1.1373 1.11984 1.13872 1.12891 0.609841 0.619891 0.628077 0.61933 0.623407 0.530522 0 0.000272892 0.000411981 0.000532273 0.000508578 0.00037875 0.00036591 0.00268642 0.00413606 0.0036362 0.0024261 0.00248512 0.00155495 0.00350997 0.00415584 0.00240207 0.00320116 0.00136574 0.00254242 0.00295035 0.00171017 0.00233644 0.000484053 0.000895954 0.00111773 0.000676698 0.000887169 0.00204444 0
0.92 0.886653 0.0231541 0.0296353 0.022517 0.0211482 0.016892 0.152836 0.188484 0.137785 0.134773 0.105321 0.0579734 0.0884075 0.116935 0.0865803 0.102213 1.15235 1.1373 1.11984 1.13872 1.12891 0.609841 0.619891 0.628077 0.61933 0.623407 0.530522 0 0.000272892 0.000411981 0.000532273 0.000508578 0.00037875 0.00036591 0.00268642 0.00413606 0.0036362 0.0024261 0.00248512 0.00155495 0.00350997 0.00415584 0.00240207 0.00320116 0.00136574 0.00254242 0.00295035 0.00171017 0.00233644 0.000484053 0.000895954 0.00111773 0.000676698 0.000887169 0.00204444 0
0.94 0.886905 0.0228919 0.0299864 0.0226249 0.0211711 0.0164206 0.151425 0.191574 0.139081 0.135401 0.102509 0.0560315 0.0854789 0.113753 0.084502 0.101822 1.15341 1.13953 1.1221 1.14076 1.12971 0.6091 0.619419 0.627291 0.61918 0.623652 0.532356 0 0.00027418 0.000409299 0.000568196 0.000543611 0.00038471 0.000342759 0.00263061 0.0043653 0.00393345 0.00261904 0.00207035 0.00163171 0.00343229 0.00423493 0.00270961 0.00235567 0.00138111 0.0025237 0.00280204 0.00210455 0.00171068 0.00050663 0.000813544 0.0011605 0.000751422 0.00083847 0.00206512 0
0.96 0.886905 0.0228919 0.0299864 0.0226249 0.0211711 0.0164206 0.151425 0.191574 0.139081 0.135401 0.102509 0.0560315 0.0854789 0.113753 0.084502 0.101822 1.15341 1.13953 1.1221 1.14076 1.12971 0.6091 0.619419 0.627291 0.61918 0.623652 0.532356 0 0.00027418 0.000409299 0.000568196 0.000543611 0.00038471 0.000342759 0.00263061 0.0043653 0.00393345 0.00261904 0.00207035 0.00163171 0.00343229 0.00423493 0.00270961 0.00235567 0.00138111 0.0025237 0.00280204 0.00210455 0.00171068 0.00050663 0.000813544 0.0011605 0.000751422 0.00083847 0.00206512 0
0.98 0.886658 0.0231648 0.0295747 0.0227321 0.0211921 0.0166786 0.152977 0.187997 0.13925 0.135058 0.103915 0.0572102 0.0888513 0.116142 0.0869759 0.102606 1.15244 1.13699 1.12029 1.13883 1.12854 0.609399 0.620101 0.627856 0.619774 0.623402 0.530508 0 0.000329543 0.000410923 0.000528678 0.00041419 0.000391043 0.000435626 0.00260396 0.00420138 0.00321603 0.00255477 0.00271648 0.00211837 0.00395864 0.00466519 0.00278798 0.0028762 0.00161907 0.00291355 0.00351498 0.00218988 0.00229046 0.000626995 0.000902784 0.00105484 0.000610391 0.000694308 0.00240544 0
1 0.886611 0.0231163 0.0296496 0.0226018 0.0212133 0.0168076 0.152569 0.188393 0.138204 0.13515 0.104741 0.0576989 0.0890198 0.117435 0.0870954 0.102666 1.15204 1.13677 1.11945 1.13862 1.12856 0.60949 0.620016 0.62821 0.619637 0.62342 0.530205 0 0.000235873 0.000442411 0.000633271 0.00051699 0.000332179 0.000322019 0.00282877 0.00487745 0.0035509 0.00234634 0.0021008 0.00133017 0.00344574 0.0031105 0.00237823 0.00262648 0.00114011 0.00256134 0.00213758 0.00183921 0.00190074 0.000503468 0.000760858 0.000803022 0.000641406 0.00081133 0.00176318 0
