# Table 
0 0.855213 0.0407809 0.0123904 0.023013 0.0178836 0.0507195 0.18361 0.0583989 0.116461 0.0865329 0.250733 0.131289 0.0961031 0.0545247 0.0750728 0.0682076 0.853421 0.864728 0.89143 0.869022 0.881462 0.50752 0.490255 0.478102 0.479708 0.481888 0.402443 0 0.000219423 0.000679573 0.000388552 0.000371612 0.00025333 0.000651745 0.00343219 0.00210653 0.00203917 0.00138016 0.00375412 0.00187257 0.00281859 0.00116 0.0018315 0.00133668 0.00135506 0.00203062 0.000920266 0.00142926 0.00121537 0.000573578 0.000813443 0.00047943 0.000575541 0.000417352 0.000967423 0
0.02 0.85527 0.0407884 0.0122428 0.0231109 0.0177977 0.0507904 0.183807 0.0576736 0.117026 0.0861217 0.251255 0.130823 0.0963776 0.0538883 0.0750236 0.0678036 0.853877 0.864564 0.891707 0.869015 0.881764 0.507459 0.490337 0.477841 0.47975 0.481833 0.402667 0 0.000306305 0.000608741 0.000339451 0.000452121 0.000225352 0.000555255 0.00307136 0.00193718 0.00240115 0.00127843 0.0030882 0.00280075 0.00331047 0.00137202 0.00233137 0.00144414 0.00187294 0.00256236 0.00117747 0.00171512 0.00119515 0.000883307 0.000796705 0.000336097 0.000596054 0.000316598 0.00137798 0
0.04 0.855234 0.0405788 0.0122326 0.0232548 0.0177993 0.0509001 0.182555 0.0575726 0.117793 0.0860304 0.251805 0.131481 0.0966394 0.053877 0.0754016 0.0678761 0.853366 0.864262 0.891829 0.868783 0.881885 0.50764 0.490278 0.477958 0.479703 0.481916 0.40252 0 0.000330893 0.000763226 0.000411559 0.000360094 0.000257943 0.000722041 0.00360211 0.00222379 0.00201407 0.00136274 0.00428791 0.00219639 0.00326792 0.00173251 0.00239945 0.0018762 0.00162682 0.00250813 0.00148658 0.00170906 0.00169548 0.000646041 0.000918776 0.000531223 0.000733033 0.000390968 0.00147032 0
0.06 0.855234 0.0405788 0.0122326 0.0232548 0.0177993 0.0509001 0.182555 0.0575726 0.117793 0.0860304 0.251805 0.131481 0.0966394 0.053877 0.0754016 0.0678761 0.853366 0.864262 0.891829 0.868783 0.881885 0.50764 0.490278 0.477958 0.479703 0.481916 0.40252 0 0.000330893 0.000763226 0.000411559 0.000360094 0.000257943 0.000722041 0.00360211 0.00222379 0.00201407 0.00136274 0.00428791 0.00219639 0.00326792 0.00173251 0.00239945 0.0018762 0.00162682 0.00250813 0.00148658 0.00170906 0.00169548 0.000646041 0.000918776 0.000531223 0.000733033 0.000390968 0.00147032 0
0.08 0.855193 0.0408184 0.0124927 0.022888 0.0180111 0.0505972 0.183857 0.0589367 0.115743 0.0871633 0.249982 0.130724 0.0955076 0.0549149 0.0746923 0.0685984 0.853755 0.864989 0.891178 0.869191 0.881332 0.507233 0.49005 0.478199 0.479504 0.482133 0.402355 0 0.000212949 0.000345876 0.000344695 0.00029724 0.000180686 0.000380885 0.00159535 0.0018635 0.00160152 0.00093894 0.00221098 0.00153182 0.00231117 0.00121338 0.00155919 0.00114999 0.0010323 0.00181083 0.000979466 0.00118411 0.000917382 0.000598615 0.000585465 0.000432575 0.000568593 0.000359552 0.000943889 0
0.1 0.855193 0.0408184 0.0124927 0.022888 0.0180111 0.0505972 0.183857 0.0589367 0.115743 0.0871633 0.249982 0.130724 0.0955076 0.0549149 0.0746923 0.0685984 0.853755 0.864989 0.891178 0.869191 0.881332 0.507233 0.49005 0.478199 0.479504 0.482133 0.402355 0 0.000212949 0.000345876 0.000344695 0.00029724 0.000180686 0.000380885 0.00159535 0.0018635 0.00160152 0.00093894 0.00221098 0.00153182 0.00231117 0.00121338 0.00155919 0.00114999 0.0010323 0.00181083 0.000979466 0.00118411 0.000917382 0.000598615 0.000585465 0.000432575 0.000568593 0.000359552 0.000943889 0
0.12 0.855155 0.0404976 0.0123263 0.0233079 0.0178235 0.0508898 0.181916 0.0580466 0.117958 0.0860898 0.251543 0.132538 0.0964182 0.0542516 0.075905 0.0681153 0.852812 0.864437 0.891391 0.868504 0.881501 0.508059 0.490203 0.477874 0.480006 0.48184 0.402164 0 0.000395405 0.000720681 0.000331825 0.00049541 0.000264556 0.000705726 0.00377348 0.0019162 0.00268885 0.00139855 0.0038598 0.00332914 0.00374105 0.00181837 0.00261732 0.00176791 0.00230654 0.00280543 0.00157871 0.00191897 0.00159026 0.00104613 0.00096122 0.000429045 0.00080237 0.000456985 0.00179092 0
0.14 0.855194 0.0407849 0.0121602 0.0232969 0.0177851 0.0507793 0.183542 0.0572076 0.117972 0.0859348 0.251039 0.131467 0.0970107 0.0537186 0.0755742 0.068072 0.853365 0.864129 0.891629 0.868617 0.881534 0.507641 0.490451 0.477712 0.479824 0.481853 0.402353 0 0.000288099 0.000639828 0.000307812 0.000373394 0.000230406 0.000678528 0.00340745 0.00163364 0.00202129 0.0012175 0.00381916 0.00256014 0.00242832 0.00136723 0.00215678 0.00144287 0.00186451 0.00203518 0.00131247 0.00163196 0.001239 0.000774254 0.000648267 0.000417097 0.000590477 0.000379545 0.00128757 0
0.16 0.855194 0.0407849 0.0121602 0.0232969 0.0177851 0.0507793 0.183542 0.0572076 0.117972 0.0859348 0.251039 0.131467 0.0970107 0.0537186 0.0755742 0.068072 0.853365 0.864129 0.891629 0.868617 0.881534 0.507641 0.490451 0.477712 0.479824 0.481853 0.402353 0 0.000288099 0.000639828 0.000307812 0.000373394 0.000230406 0.000678528 0.00340745 0.00163364 0.00202129 0.0012175 0.00381916 0.00256014 0.00242832 0.00136723 0.00215678 0.00144287 0.00186451 0.00203518 0.00131247 0.00163196 0.001239 0.000774254 0.000648267 0.000417097 0.000590477 0.000379545 0.00128757 0
0.18 0.855166 0.0406941 0.0123199 0.0230729 0.0178809 0.0508657 0.183006 0.0580139 0.116675 0.0864757 0.251442 0.132121 0.0964683 0.0544892 0.0754959 0.0681677 0.853052 0.864396 0.891023 0.868856 0.881475 0.50794 0.490266 0.477824 0.479912 0.481837 0.402218 0 0.000183648 0.000732201 0.000285789 0.00041843 0.000219735 0.000574083 0.0037592 0.00155308 0.00231361 0.00120012 0.00324686 0.00185206 0.00210871 0.00124065 0.00151121 0.00119515 0.00119466 0.00148723 0.001143 0.00109758 0.000927771 0.00067883 0.000689434 0.000338896 0.000380983 0.000363415 0.000803951 0
0.2 0.855166 0.0406941 0.0123199 0.0230729 0.0178809 0.0508657 0.183006 0.0580139 0.116675 0.0864757 0.251442 0.132121 0.0964683 0.0544892 0.0754959 0.0681677 0.853052 0.864396 0.891023 0.868856 0.881475 0.50794 0.490266 0.477824 0.479912 0.481837 0.402218 0 0.000183648 0.000732201 0.000285789 0.00041843 0.000219735 0.000574083 0.0037592 0.00155308 0.00231361 0.00120012 0.00324686 0.00185206 0.00210871 0.00124065 0.00151121 0.00119515 0.00119466 0.00148723 0.001143 0.00109758 0.000927771 0.00067883 0.000689434 0.000338896 0.000380983 0.000363415 0.000803951 0
0.22 0.855172 0.0407065 0.0122722 0.023169 0.0178296 0.0508506 0.183077 0.0577373 0.117247 0.0861923 0.251346 0.131953 0.0968817 0.0542069 0.0755344 0.0682607 0.853162 0.864188 0.891372 0.868771 0.881531 0.507857 0.490352 0.477883 0.479899 0.481951 0.402237 0 0.000220762 0.000768623 0.00022805 0.000374365 0.000229444 0.000641284 0.0041052 0.00123018 0.00208936 0.00119587 0.00359849 0.00265806 0.00216168 0.00122049 0.00159629 0.00123921 0.00179891 0.00162506 0.00119211 0.00126926 0.00110482 0.000855509 0.000846697 0.000392972 0.000535771 0.000355897 0.000968343 0
0.24 0.855172 0.0407065 0.0122722 0.023169 0.0178296 0.0508506 0.183077 0.0577373 0.117247 0.0861923 0.251346 0.131953 0.0968817 0.0542069 0.0755344 0.0682607 0.853162 0.864188 0.891372 0.868771 0.881531 0.507857 0.490352 0.477883 0.479899 0.481951 0.402237 0 0.000220762 0.000768623 0.00022805 0.000374365 0.000229444 0.000641284 0.0041052 0.00123018 0.00208936 0.00119587 0.00359849 0.00265806 0.00216168 0.00122049 0.00159629 0.00123921 0.00179891 0.00162506 0.00119211 0.00126926 0.00110482 0.000855509 0.000846697 0.000392972 0.000535771 0.000355897 0.000968343 0
0.26 0.855286 0.0406854 0.0121379 0.0232472 0.0177029 0.0509404 0.183259 0.0571482 0.117798 0.0855973 0.252085 0.131537 0.0968578 0.0534855 0.0756533 0.0675438 0.853548 0.864345 0.891953 0.868731 0.881928 0.507838 0.490444 0.477693 0.479991 0.481732 0.402715 0 0.000298744 0.000711485 0.000390419 0.00037099 0.000263581 0.000721951 0.00383983 0.00214745 0.00204363 0.00142591 0.0038568 0.00276356 0.00290778 0.00148108 0.00216024 0.00128616 0.00201444 0.00226242 0.00117975 0.0017344 0.00111905 0.000777821 0.000887653 0.000484624 0.000597675 0.000379958 0.00135966 0
0.28 0.855154 0.0408233 0.0122263 0.0231161 0.0178617 0.0508187 0.183648 0.0574626 0.116956 0.0863366 0.251172 0.131616 0.0972996 0.0545504 0.0754347 0.0682973 0.853256 0.863865 0.891257 0.868723 0.881426 0.507693 0.490496 0.478052 0.479771 0.481944 0.402122 0 0.0003588 0.00068017 0.00018106 0.0002559 0.000193701 0.000404687 0.00326288 0.00101623 0.00151334 0.000838809 0.00249748 0.00243069 0.00287189 0.00181873 0.00209975 0.00163704 0.00182179 0.00215295 0.00152873 0.00170995 0.00150287 0.000666022 0.000847143 0.000456543 0.000613251 0.000313752 0.00161659 0
0.3 0.855154 0.0408233 0.0122263 0.0231161 0.0178617 0.0508187 0.183648 0.0574626 0.116956 0.0863366 0.251172 0.131616 0.0972996 0.0545504 0.0754347 0.0682973 0.853256 0.863865 0.891257 0.868723 0.881426 0.507693 0.490496 0.478052 0.479771 0.481944 0.402122 0 0.0003588 0.00068017 0.00018106 0.0002559 0.000193701 0.000404687 0.00326288 0.00101623 0.00151334 0.000838809 0.00249748 0.00243069 0.00287189 0.00181873 0.00209975 0.00163704 0.00182179 0.00215295 0.00152873 0.00170995 0.00150287 0.000666022 0.000847143 0.000456543 0.000613251 0.000313752 0.00161659 0
0.32 0.855226 0.0405978 0.0122504 0.0231737 0.017824 0.050928 0.18266 0.0576569 0.117317 0.0861633 0.251937 0.131593 0.0969534 0.0541035 0.0754532 0.0678557 0.853392 0.864292 0.891616 0.86872 0.881822 0.507706 0.490538 0.477931 0.479825 0.481893 0.402461 0 0.000248966 0.00054078 0.000199381 0.000389934 0.000218549 0.00051866 0.00296646 0.00108272 0.00203451 0.00121666 0.00286144 0.00237758 0.00218409 0.00111272 0.00197184 0.00122678 0.00165644 0.00175172 0.000830361 0.00168067 0.000986538 0.000792663 0.000694301 0.000504424 0.000411751 0.000368014 0.00111707 0
0.34 0.855226 0.0405978 0.0122504 0.0231737 0.017824 0.050928 0.18266 0.0576569 0.117317 0.0861633 0.251937 0.131593 0.0969534 0.0541035 0.0754532 0.0678557 0.853392 0.864292 0.891616 0.86872 0.881822 0.507706 0.490538 0.477931 0.479825 0.481893 0.402461 0 0.000248966 0.00054078 0.000199381 0.000389934 0.000218549 0.00051866 0.00296646 0.00108272 0.00203451 0.00121666 0.00286144 0.00237758 0.00218409 0.00111272 0.00197184 0.00122678 0.00165644 0.00175172 0.000830361 0.00168067 0.000986538 0.000792663 0.000694301 0.000504424 0.000411751 0.000368014 0.00111707 0
0.36 0.855156 0.0406607 0.0121979 0.0232808 0.0177978 0.0509066 0.182895 0.0572938 0.117819 0.0859291 0.251618 0.131797 0.0975979 0.0541567 0.0759675 0.0681405 0.853405 0.863672 0.891412 0.868247 0.881433 0.507788 0.490606 0.47787 0.479851 0.481881 0.402175 0 0.000229609 0.000607449 0.000226081 0.000312675 0.000190912 0.000588686 0.00329069 0.00118615 0.00162273 0.000931247 0.00326863 0.00249428 0.00241271 0.00119641 0.00178088 0.00127746 0.00180426 0.001774 0.00106052 0.00147228 0.00105591 0.000660084 0.000788584 0.000435886 0.000540113 0.000387007 0.00100406 0
0.38 0.855152 0.0407911 0.0122706 0.0231371 0.0179274 0.0507215 0.183684 0.0576178 0.117021 0.0866468 0.250523 0.131395 0.0979599 0.054625 0.0754066 0.0686699 0.853979 0.863431 0.891171 0.868718 0.881171 0.507788 0.490633 0.478056 0.479768 0.482089 0.402112 0 0.000304195 0.000882916 0.000385765 0.00068518 0.000350551 0.000802945 0.00480286 0.00210631 0.00366899 0.00200276 0.00454447 0.0035127 0.00335843 0.00174692 0.00284317 0.00164731 0.00228164 0.00253865 0.00135625 0.0020889 0.00142473 0.00115184 0.000868759 0.000511187 0.000666024 0.000325663 0.0013599 0
0.4 0.855152 0.0407911 0.0122706 0.0231371 0.0179274 0.0507215 0.183684 0.0576178 0.117021 0.0866468 0.250523 0.131395 0.0979599 0.054625 0.0754066 0.0686699 0.853979 0.863431 0.891171 0.868718 0.881171 0.507788 0.490633 0.478056 0.479768 0.482089 0.402112 0 0.000304195 0.000882916 0.000385765 0.00068518 0.000350551 0.000802945 0.00480286 0.00210631 0.00366899 0.00200276 0.00454447 0.0035127 0.00335843 0.00174692 0.00284317 0.00164731 0.00228164 0.00253865 0.00135625 0.0020889 0.00142473 0.00115184 0.000868759 0.000511187 0.000666024 0.000325663 0.0013599 0
0.42 0.855161 0.041069 0.012355 0.0230115 0.0180206 0.0503825 0.185515 0.058004 0.116253 0.0871691 0.248525 0.130164 0.0979938 0.0552075 0.0752351 0.0692582 0.855304 0.863338 0.890699 0.86903 0.880705 0.507704 0.490668 0.478117 0.479791 0.482159 0.402131 0 0.0002307 0.000429708 0.000298527 0.000396757 0.000191517 0.000507664 0.00257373 0.00168194 0.00208183 0.00112955 0.00263379 0.00246512 0.00302244 0.00113215 0.00215405 0.000887449 0.00164257 0.00221647 0.000847528 0.00167976 0.000798973 0.000741595 0.00096631 0.0004696 0.000556912 0.000297717 0.00103971 0
0.44 0.855161 0.041069 0.012355 0.0230115 0.0180206 0.0503825 0.185515 0.058004 0.116253 0.0871691 0.248525 0.130164 0.0979938 0.0552075 0.0752351 0.0692582 0.855304 0.863338 0.890699 0.86903 0.880705 0.507704 0.490668 0.478117 0.479791 0.482159 0.402131 0 0.0002307 0.000429708 0.000298527 0.000396757 0.000191517 0.000507664 0.00257373 0.00168194 0.00208183 0.00112955 0.00263379 0.00246512 0.00302244 0.00113215 0.00215405 0.000887449 0.00164257 0.00221647 0.000847528 0.00167976 0.000798973 0.000741595 0.00096631 0.0004696 0.000556912 0.000297717 0.00103971 0
0.46 0.855112 0.0413422 0.0125199 0.0228748 0.0182558 0.0498955 0.187327 0.0586748 0.115372 0.0883493 0.245514 0.128741 0.0989734 0.0561599 0.0746705 0.0706078 0.856919 0.862872 0.890106 0.869178 0.879675 0.507544 0.490976 0.47843 0.479581 0.48246 0.401871 0 0.000213225 0.000636781 0.000239735 0.000332548 0.000203344 0.000630114 0.00336685 0.00138605 0.00170475 0.00122249 0.00340227 0.00241992 0.00244677 0.000906452 0.00191294 0.00103008 0.00155017 0.00195923 0.000836059 0.00147096 0.00101714 0.000912415 0.000724182 0.000302994 0.000526929 0.000362564 0.000935567 0
0.48 0.855112 0.0413422 0.0125199 0.0228748 0.0182558 0.0498955 0.187327 0.0586748 0.115372 0.0883493 0.245514 0.128741 0.0989734 0.0561599 0.0746705 0.0706078 0.856919 0.862872 0.890106 0.869178 0.879675 0.507544 0.490976 0.47843 0.479581 0.48246 0.401871 0 0.000213225 0.000636781 0.000239735 0.000332548 0.000203344 0.000630114 0.00336685 0.00138605 0.00170475 0.00122249 0.00340227 0.00241992 0.00244677 0.000906452 0.00191294 0.00103008 0.00155017 0.00195923 0.000836059 0.00147096 0.00101714 0.000912415 0.000724182 0.000302994 0.000526929 0.000362564 0.000935567 0
0.5 0.855141 0.0417037 0.0128305 0.0225819 0.0185994 0.049143 0.190125 0.0600659 0.11358 0.0902258 0.241128 0.12583 0.0994544 0.0576364 0.0732851 0.07215 0.859927 0.862579 0.889078 0.87023 0.878687 0.507138 0.491154 0.478746 0.479307 0.482911 0.401945 0 0.000238363 0.000571596 0.000335862 0.00043788 0.000267055 0.000555519 0.0031427 0.00188155 0.00238245 0.00144956 0.0030012 0.00233599 0.0031355 0.00147598 0.00195188 0.00139132 0.00164012 0.00249164 0.00115496 0.00155585 0.00114197 0.000749611 0.000764106 0.000519935 0.000496121 0.000438902 0.00107948 0
0.52 0.855204 0.042518 0.0130938 0.0222641 0.0191368 0.0477831 0.195822 0.0610653 0.11163 0.0932098 0.233281 0.12141 0.101308 0.0593811 0.0710779 0.0749342 0.864612 0.861438 0.887946 0.8717 0.876827 0.506611 0.491584 0.4792 0.478687 0.483649 0.402127 0 0.000257845 0.000566335 0.000284222 0.000324607 0.000259412 0.000553365 0.00285796 0.00154724 0.00185218 0.0013717 0.00317382 0.00192555 0.00220567 0.00166365 0.00170793 0.0016372 0.00125889 0.00184542 0.00131556 0.0013248 0.0013924 0.000784884 0.000467094 0.000500638 0.000543166 0.000481938 0.00117806 0
0.54 0.855204 0.042518 0.0130938 0.0222641 0.0191368 0.0477831 0.195822 0.0610653 0.11163 0.0932098 0.233281 0.12141 0.101308 0.0593811 0.0710779 0.0749342 0.864612 0.861438 0.887946 0.8717 0.876827 0.506611 0.491584 0.4792 0.478687 0.483649 0.402127 0 0.000257845 0.000566335 0.000284222 0.000324607 0.000259412 0.000553365 0.00285796 0.00154724 0.00185218 0.0013717 0.00317382 0.00192555 0.00220567 0.00166365 0.00170793 0.0016372 0.00125889 0.00184542 0.00131556 0.0013248 0.0013924 0.000784884 0.000467094 0.000500638 0.000543166 0.000481938 0.00117806 0
0.56 0.855306 0.042593 0.0136954 0.0220069 0.0198387 0.04656 0.19813 0.063636 0.109811 0.0969344 0.226297 0.116398 0.103023 0.06209 0.0687694 0.0773176 0.869772 0.860574 0.886381 0.873473 0.875484 0.505913 0.492057 0.480172 0.478069 0.484452 0.402446 0 0.000246392 0.000519982 0.000323941 0.000384849 0.000252551 0.000416002 0.00257358 0.00178343 0.00217626 0.00126688 0.00247194 0.00160882 0.00292397 0.00180894 0.00149846 0.00162878 0.00105728 0.0020388 0.00143722 0.00124988 0.00125298 0.000592219 0.000973802 0.000521878 0.000450808 0.000458776 0.00112553 0
0.58 0.855306 0.042593 0.0136954 0.0220069 0.0198387 0.04656 0.19813 0.063636 0.109811 0.0969344 0.226297 0.116398 0.103023 0.06209 0.0687694 0.0773176 0.869772 0.860574 0.886381 0.873473 0.875484 0.505913 0.492057 0.480172 0.478069 0.484452 0.402446 0 0.000246392 0.000519982 0.000323941 0.000384849 0.000252551 0.000416002 0.00257358 0.00178343 0.00217626 0.00126688 0.00247194 0.00160882 0.00292397 0.00180894 0.00149846 0.00162878 0.00105728 0.0020388 0.00143722 0.00124988 0.00125298 0.000592219 0.000973802 0.000521878 0.000450808 0.000458776 0.00112553 0
0.6 0.85554 0.0434925 0.0146442 0.0212931 0.0210707 0.0439594 0.205788 0.0680042 0.105419 0.10372 0.211945 0.107841 0.103284 0.0666015 0.0646379 0.0818142 0.877315 0.861135 0.88373 0.876442 0.872811 0.504165 0.492426 0.481563 0.477171 0.485859 0.403336 0 0.000211173 0.000534253 0.000280035 0.000284775 0.000236002 0.000398346 0.00283335 0.00136952 0.00163866 0.00120471 0.0023142 0.00161115 0.00167754 0.00175962 0.00131932 0.00147898 0.00109857 0.0011943 0.00130767 0.000976968 0.00102719 0.00057743 0.000577466 0.000520632 0.000495953 0.000505961 0.000954781 0
0.62 0.85554 0.0434925 0.0146442 0.0212931 0.0210707 0.0439594 0.205788 0.0680042 0.105419 0.10372 0.211945 0.107841 0.103284 0.0666015 0.0646379 0.0818142 0.877315 0.861135 0.88373 0.876442 0.872811 0.504165 0.492426 0.481563 0.477171 0.485859 0.403336 0 0.000211173 0.000534253 0.000280035 0.000284775 0.000236002 0.000398346 0.00283335 0.00136952 0.00163866 0.00120471 0.0023142 0.00161115 0.00167754 0.00175962 0.00131932 0.00147898 0.00109857 0.0011943 0.00130767 0.000976968 0.00102719 0.00057743 0.000577466 0.000520632 0.000495953 0.000505961 0.000954781 0
0.64 0.856112 0.0434761 0.0159995 0.0208131 0.0225229 0.0410762 0.20945 0.0746247 0.102374 0.112032 0.197132 0.0981942 0.10079 0.0702446 0.0587668 0.0842831 0.885453 0.863871 0.882182 0.881453 0.872077 0.502305 0.492051 0.482961 0.476122 0.4869 0.405728 0 0.000178891 0.000578478 0.00027448 0.00029853 0.000157649 0.00037217 0.00291787 0.00146287 0.00172779 0.000749523 0.00226985 0.000942061 0.00176892 0.00163714 0.00104466 0.00145386 0.000589322 0.00128165 0.00130337 0.000954636 0.00129371 0.000405179 0.000549325 0.000457413 0.000376849 0.000433773 0.000822932 0
0.66 0.856787 0.0428042 0.0185985 0.0198648 0.0250722 0.036873 0.209903 0.0878611 0.0964991 0.126325 0.175874 0.0876532 0.0942568 0.0774168 0.052248 0.0880006 0.893229 0.869857 0.878653 0.888212 0.870992 0.499514 0.491 0.485482 0.475417 0.48858 0.40865 0 0.000211263 0.000490279 0.000365485 0.000401405 0.00029884 0.000328539 0.00277525 0.00184316 0.00221481 0.00157838 0.00189978 0.00128031 0.00172373 0.00213887 0.00128771 0.00146477 0.00103546 0.00111991 0.00169536 0.000986209 0.00118171 0.000338165 0.00058675 0.000562561 0.0003875 0.000368073 0.000982241 0
0.68 0.856787 0.0428042 0.0185985 0.0198648 0.0250722 0.036873 0.209903 0.0878611 0.0964991 0.126325 0.175874 0.0876532 0.0942568 0.0774168 0.052248 0.0880006 0.893229 0.869857 0.878653 0.888212 0.870992 0.499514 0.491 0.485482 0.475417 0.48858 0.40865 0 0.000211263 0.000490279 0.000365485 0.000401405 0.00029884 0.000328539 0.00277525 0.00184316 0.00221481 0.00157838 0.00189978 0.00128031 0.00172373 0.00213887 0.00128771 0.00146477 0.00103546 0.00111991 0.00169536 0.000986209 0.00118171 0.000338165 0.00058675 0.000562561 0.0003875 0.000368073 0.000982241 0
0.7 0.857573 0.0405537 0.0220099 0.0198371 0.027728 0.0322984 0.202117 0.105569 0.0952896 0.140695 0.153882 0.0767103 0.086341 0.0839311 0.0494526 0.0890302 0.899762 0.876882 0.87599 0.893587 0.872447 0.495975 0.489783 0.488077 0.476318 0.489744 0.412109 0 0.000274267 0.000307835 0.000335123 0.000335063 0.000242072 0.00033972 0.0017318 0.00186333 0.001634 0.00146843 0.00176312 0.00147351 0.00245012 0.00203379 0.00179004 0.00172269 0.000984296 0.00185341 0.00147965 0.00137264 0.00124638 0.000524888 0.000549119 0.000603796 0.000424211 0.000518945 0.00128465 0
0.72 0.857573 0.0405537 0.0220099 0.0198371 0.027728 0.0322984 0.202117 0.105569 0.0952896 0.140695 0.153882 0.0767103 0.086341 0.0839311 0.0494526 0.0890302 0.899762 0.876882 0.87599 0.893587 0.872447 0.495975 0.489783 0.488077 0.476318 0.489744 0.412109 0 0.000274267 0.000307835 0.000335123 0.000335063 0.000242072 0.00033972 0.0017318 0.00186333 0.001634 0.00146843 0.00176312 0.00147351 0.00245012 0.00203379 0.00179004 0.00172269 0.000984296 0.00185341 0.00147965 0.00137264 0.00124638 0.000524888 0.000549119 0.000603796 0.000424211 0.000518945 0.00128465 0
0.74 0.858002 0.0372513 0.0261484 0.0218408 0.0288575 0.0279004 0.18793 0.126759 0.104288 0.145754 0.133202 0.0665046 0.0805939 0.0880139 0.0540296 0.0885132 0.903081 0.881712 0.875142 0.894441 0.874956 0.491347 0.488825 0.490124 0.479358 0.490454 0.414029 0 0.000250746 0.000371937 0.000349256 0.00041415 0.000398255 0.000280235 0.0019268 0.00191527 0.0021136 0.00229883 0.00154339 0.00107245 0.00217139 0.00208075 0.00175103 0.00179322 0.00101135 0.0014787 0.00155224 0.00138715 0.00128285 0.000314821 0.000665963 0.000648267 0.00043913 0.000556972 0.00119742 0
0.76 0.857997 0.0340851 0.0302516 0.0248712 0.0278412 0.0249538 0.173107 0.14756 0.118518 0.138934 0.119423 0.058607 0.0773123 0.0900013 0.0623079 0.0875978 0.903015 0.884368 0.874989 0.891701 0.87684 0.48663 0.488203 0.491498 0.482809 0.49072 0.414025 0 0.000308106 0.000552602 0.000486151 0.000330015 0.000341661 0.000282513 0.00267369 0.00309076 0.00170637 0.00189131 0.00151896 0.00098926 0.00298793 0.00225726 0.00188688 0.00206325 0.000882516 0.00217868 0.00178004 0.00150038 0.00174547 0.000370045 0.000854638 0.000568199 0.000501714 0.000527125 0.00144225 0
0.78 0.857997 0.0340851 0.0302516 0.0248712 0.0278412 0.0249538 0.173107 0.14756 0.118518 0.138934 0.119423 0.058607 0.0773123 0.0900013 0.0623079 0.0875978 0.903015 0.884368 0.874989 0.891701 0.87684 0.48663 0.488203 0.491498 0.482809 0.49072 0.414025 0 0.000308106 0.000552602 0.000486151 0.000330015 0.000341661 0.000282513 0.00267369 0.00309076 0.00170637 0.00189131 0.00151896 0.00098926 0.00298793 0.00225726 0.00188688 0.00206325 0.000882516 0.00217868 0.00178004 0.00150038 0.00174547 0.000370045 0.000854638 0.000568199 0.000501714 0.000527125 0.00144225 0
0.8 0.857786 0.031988 0.0332034 0.0268896 0.0270278 0.0231054 0.162845 0.162166 0.127577 0.133644 0.11067 0.0533017 0.0766126 0.0929903 0.0682719 0.0872705 0.901227 0.884726 0.873659 0.889109 0.877484 0.482457 0.488138 0.492812 0.485098 0.490833 0.41313 0 0.000399499 0.00050927 0.000442143 0.000299145 0.000495994 0.000403204 0.00241914 0.00299345 0.00182807 0.00232068 0.00236915 0.00130769 0.00342401 0.00339277 0.00193012 0.00330613 0.00124937 0.00254139 0.00243628 0.00147692 0.00254646 0.00035591 0.000891579 0.00087603 0.000585987 0.000770231 0.00190965 0
0.82 0.857786 0.031988 0.0332034 0.0268896 0.0270278 0.0231054 0.162845 0.162166 0.127577 0.133644 0.11067 0.0533017 0.0766126 0.0929903 0.0682719 0.0872705 0.901227 0.884726 0.873659 0.889109 0.877484 0.482457 0.488138 0.492812 0.485098 0.490833 0.41313 0 0.000399499 0.00050927 0.000442143 0.000299145 0.000495994 0.000403204 0.00241914 0.00299345 0.00182807 0.00232068 0.00236915 0.00130769 0.00342401 0.00339277 0.00193012 0.00330613 0.00124937 0.00254139 0.00243628 0.00147692 0.00254646 0.00035591 0.000891579 0.00087603 0.000585987 0.000770231 0.00190965 0
0.84 0.857759 0.0307008 0.0351 0.0278161 0.0266651 0.0219594 0.156526 0.171857 0.131701 0.131473 0.105263 0.0501412 0.0752553 0.0948036 0.0706918 0.08658 0.89984 0.885583 0.872987 0.888561 0.877944 0.479972 0.487842 0.493659 0.486335 0.490545 0.413027 0 0.000284873 0.000415922 0.000483328 0.000441682 0.000395321 0.000446144 0.00208376 0.00303113 0.00243879 0.00202307 0.00235782 0.00108013 0.00239302 0.00260729 0.00155499 0.00209836 0.000940519 0.00188383 0.00189106 0.00114222 0.00166913 0.000346495 0.000556456 0.000756661 0.000404276 0.000596017 0.00134694 0
0.86 0.857759 0.0307008 0.0351 0.0278161 0.0266651 0.0219594 0.156526 0.171857 0.131701 0.131473 0.105263 0.0501412 0.0752553 0.0948036 0.0706918 0.08658 0.89984 0.885583 0.872987 0.888561 0.877944 0.479972 0.487842 0.493659 0.486335 0.490545 0.413027 0 0.000284873 0.000415922 0.000483328 0.000441682 0.000395321 0.000446144 0.00208376 0.00303113 0.00243879 0.00202307 0.00235782 0.00108013 0.00239302 0.00260729 0.00155499 0.00209836 0.000940519 0.00188383 0.00189106 0.00114222 0.00166913 0.000346495 0.000556456 0.000756661 0.000404276 0.000596017 0.00134694 0
0.88 0.857714 0.030191 0.0358648 0.0282743 0.0264211 0.0215347 0.153979 0.175653 0.133713 0.130075 0.103296 0.0486561 0.0750734 0.095792 0.0720513 0.0863784 0.898902 0.885523 0.87258 0.888331 0.878083 0.478601 0.487767 0.494022 0.48709 0.490504 0.41287 0 0.0002536 0.000330471 0.000489034 0.000459485 0.000330249 0.000445068 0.00162755 0.00295787 0.00262269 0.00179828 0.00216 0.00102418 0.00213927 0.0024015 0.00164327 0.00127708 0.000837186 0.00162568 0.00180609 0.00133048 0.00104739 0.00034758 0.000572648 0.000672659 0.000484555 0.000510727 0.00119285 0
0.9 0.857727 0.0297816 0.0363933 0.0282061 0.0265166 0.0213759 0.151851 0.178496 0.133225 0.130583 0.102634 0.0481914 0.0741014 0.0962672 0.0717549 0.0858554 0.898452 0.886182 0.872221 0.888532 0.878633 0.478067 0.487428 0.494265 0.486925 0.490539 0.412984 0 0.000253129 0.000378855 0.000509249 0.000490231 0.000349809 0.000343714 0.00193798 0.003076 0.00282285 0.001795 0.00168916 0.00115273 0.00217073 0.00278413 0.00150522 0.00153001 0.000938949 0.00167849 0.00198136 0.00111034 0.00113009 0.000340506 0.000527792 0.000750116 0.00048996 0.000477329 0.00117825 0
0.92 0.857727 0.0297816 0.0363933 0.0282061 0.0265166 0.0213759 0.151851 0.178496 0.133225 0.130583 0.102634 0.0481914 0.0741014 0.0962672 0.0717549 0.0858554 0.898452 0.886182 0.872221 0.888532 0.878633 0.478067 0.487428 0.494265 0.486925 0.490539 0.412984 0 0.000253129 0.000378855 0.000509249 0.000490231 0.000349809 0.000343714 0.00193798 0.003076 0.00282285 0.001795 0.00168916 0.00115273 0.00217073 0.00278413 0.00150522 0.00153001 0.000938949 0.00167849 0.00198136 0.00111034 0.00113009 0.000340506 0.000527792 0.000750116 0.00048996 0.000477329 0.00117825 0
0.94 0.85778 0.029638 0.0365964 0.0282343 0.0265249 0.0212259 0.151183 0.179699 0.133459 0.13073 0.101879 0.047962 0.0735257 0.0959776 0.0715106 0.0857124 0.898543 0.886573 0.872386 0.888859 0.878398 0.478049 0.487317 0.49417 0.487024 0.490259 0.413212 0 0.000360252 0.000545744 0.000628402 0.000599144 0.00052355 0.000491912 0.00274087 0.00382185 0.00352216 0.00270916 0.00240745 0.00136513 0.00293052 0.00348095 0.00211119 0.00200688 0.00119473 0.00208981 0.00270712 0.0016434 0.00151426 0.000461581 0.000782002 0.000851927 0.000601934 0.000660464 0.00168309 0
0.96 0.85778 0.029638 0.0365964 0.0282343 0.0265249 0.0212259 0.151183 0.179699 0.133459 0.13073 0.101879 0.047962 0.0735257 0.0959776 0.0715106 0.0857124 0.898543 0.886573 0.872386 0.888859 0.878398 0.478049 0.487317 0.49417 0.487024 0.490259 0.413212 0 0.000360252 0.000545744 0.000628402 0.000599144 0.00052355 0.000491912 0.00274087 0.00382185 0.00352216 0.00270916 0.00240745 0.00136513 0.00293052 0.00348095 0.00211119 0.00200688 0.00119473 0.00208981 0.00270712 0.0016434 0.00151426 0.000461581 0.000782002 0.000851927 0.000601934 0.000660464 0.00168309 0
0.98 0.857792 0.0297403 0.0363948 0.0284283 0.0263569 0.0212876 0.151767 0.178561 0.134591 0.129817 0.102235 0.0477848 0.07384 0.0955229 0.0717875 0.0856743 0.898643 0.886192 0.87308 0.888683 0.878617 0.478044 0.487247 0.494278 0.487053 0.49035 0.413252 0 0.000253654 0.000404268 0.000596818 0.000599028 0.000474934 0.00034474 0.00211122 0.0034592 0.00340133 0.00243914 0.0017986 0.00103359 0.00216261 0.00282898 0.00167916 0.00172301 0.000919733 0.00157903 0.00219329 0.00127338 0.00148971 0.000377493 0.000545454 0.000716344 0.000450745 0.000409342 0.00117189 0
1 0.85768 0.0298799 0.0362283 0.0284878 0.0263892 0.0213351 0.152409 0.177438 0.13464 0.129833 0.102361 0.048011 0.0748535 0.0960141 0.0724416 0.085913 0.898443 0.885605 0.872426 0.888171 0.878242 0.478039 0.487603 0.494122 0.487203 0.490242 0.412781 0 0.000294309 0.000375108 0.000548811 0.000507648 0.000363895 0.0003401 0.0018309 0.00322884 0.00301332 0.00181303 0.00169828 0.00109739 0.00241243 0.00296666 0.00157267 0.00182656 0.000904796 0.00179276 0.00224454 0.00121678 0.00150831 0.000419332 0.000663207 0.000797116 0.000446735 0.000478647 0.00135966 0
