# Table 
0 0.660105 0.0947927 0.0321984 0.0551451 0.0483667 0.109392 0.142176 0.0487195 0.0916318 0.0766753 0.178823 0.0679777 0.0544425 0.0319437 0.0382879 0.0392943 0.303091 0.301486 0.316372 0.304951 0.314199 0.202187 0.189906 0.180803 0.180224 0.185699 0.141868 0 0.000635402 0.000839605 0.000472034 0.000581349 0.000451973 0.000781694 0.00168222 0.000784166 0.00106678 0.000723712 0.00156872 0.0011423 0.000913175 0.000686427 0.000792433 0.000649081 0.000794633 0.000840899 0.000687928 0.000679786 0.000581177 0.000493629 0.000349229 0.000247401 0.000269756 0.000233481 0.000530127 0
0.02 0.660075 0.0944185 0.0321727 0.0553047 0.0483083 0.109721 0.141383 0.0486609 0.0919634 0.0765224 0.179456 0.0682405 0.054528 0.031837 0.0383713 0.0391597 0.302843 0.301343 0.316485 0.304816 0.314315 0.202258 0.189917 0.180789 0.180213 0.185668 0.141843 0 0.000656831 0.00102986 0.000424901 0.000816175 0.0004058 0.000819511 0.00201515 0.000815175 0.00143978 0.000765939 0.00168865 0.0012476 0.00111102 0.000674266 0.00103936 0.000653805 0.00094045 0.000987721 0.000739215 0.000886975 0.000666319 0.000480958 0.000389879 0.000184486 0.000334129 0.000205406 0.000547574 0
0.04 0.660194 0.0945559 0.0321102 0.0551187 0.0483174 0.109704 0.14178 0.0485945 0.0916441 0.0765854 0.179533 0.0680535 0.0544291 0.0318524 0.0382567 0.0391853 0.303038 0.301432 0.316496 0.3049 0.314446 0.202225 0.189856 0.180794 0.180177 0.185752 0.141925 0 0.000477087 0.000860773 0.000485734 0.00057802 0.000252554 0.000753414 0.00165698 0.000888992 0.0010412 0.000559955 0.0014762 0.0010155 0.00104548 0.000533435 0.000797608 0.000548952 0.000711529 0.000847784 0.000491127 0.000699766 0.000473394 0.000436264 0.000397789 0.000188918 0.000297944 0.000198438 0.000405303 0
0.06 0.660194 0.0945559 0.0321102 0.0551187 0.0483174 0.109704 0.14178 0.0485945 0.0916441 0.0765854 0.179533 0.0680535 0.0544291 0.0318524 0.0382567 0.0391853 0.303038 0.301432 0.316496 0.3049 0.314446 0.202225 0.189856 0.180794 0.180177 0.185752 0.141925 0 0.000477087 0.000860773 0.000485734 0.00057802 0.000252554 0.000753414 0.00165698 0.000888992 0.0010412 0.000559955 0.0014762 0.0010155 0.00104548 0.000533435 0.000797608 0.000548952 0.000711529 0.000847784 0.000491127 0.000699766 0.000473394 0.000436264 0.000397789 0.000188918 0.000297944 0.000198438 0.000405303 0
0.08 0.660109 0.0946659 0.031775 0.0553658 0.0482009 0.109883 0.141848 0.0479303 0.0920743 0.0763278 0.17984 0.0681724 0.0549611 0.031823 0.0384509 0.0391046 0.302954 0.300929 0.316525 0.304721 0.314434 0.202278 0.190013 0.180802 0.180228 0.185681 0.141858 0 0.000620361 0.000970189 0.000441281 0.000584635 0.000427393 0.000867522 0.00185756 0.000785197 0.0010699 0.000666257 0.0018384 0.00101389 0.000932081 0.000657687 0.000837789 0.000673731 0.000806489 0.00088843 0.000722633 0.000711985 0.000630504 0.000343521 0.000296932 0.000155856 0.000306892 0.0002238 0.000512532 0
0.1 0.660109 0.0946659 0.031775 0.0553658 0.0482009 0.109883 0.141848 0.0479303 0.0920743 0.0763278 0.17984 0.0681724 0.0549611 0.031823 0.0384509 0.0391046 0.302954 0.300929 0.316525 0.304721 0.314434 0.202278 0.190013 0.180802 0.180228 0.185681 0.141858 0 0.000620361 0.000970189 0.000441281 0.000584635 0.000427393 0.000867522 0.00185756 0.000785197 0.0010699 0.000666257 0.0018384 0.00101389 0.000932081 0.000657687 0.000837789 0.000673731 0.000806489 0.00088843 0.000722633 0.000711985 0.000630504 0.000343521 0.000296932 0.000155856 0.000306892 0.0002238 0.000512532 0
0.12 0.660395 0.0950585 0.0318977 0.0551753 0.0481527 0.109321 0.142959 0.0483014 0.0918311 0.0764114 0.178969 0.0673677 0.0543122 0.0316191 0.0379852 0.0390494 0.303545 0.301611 0.316698 0.305119 0.314474 0.201965 0.189886 0.180715 0.180096 0.185659 0.142103 0 0.000541474 0.000857921 0.000637226 0.00059973 0.000440259 0.000656852 0.00186369 0.00105406 0.00112912 0.000709348 0.00140714 0.00101988 0.000941917 0.000639048 0.000658836 0.00055416 0.000786564 0.000798242 0.000615745 0.000618257 0.000507405 0.0003716 0.000357309 0.000238471 0.000241185 0.0002266 0.000448579 0
0.14 0.660024 0.0946332 0.0321225 0.0553841 0.0483034 0.109533 0.141797 0.0485601 0.0920056 0.0764792 0.179059 0.0682085 0.0546516 0.0319614 0.0385626 0.0393239 0.302874 0.301257 0.31629 0.304653 0.314216 0.202243 0.189962 0.180772 0.180298 0.185717 0.141807 0 0.000611945 0.00131102 0.000537135 0.000715987 0.000568464 0.000954165 0.00227959 0.000906235 0.00147314 0.000851761 0.00208325 0.000828655 0.000887728 0.000775523 0.000636157 0.000823183 0.0006311 0.00085909 0.000818394 0.000554108 0.000756477 0.0003291 0.000288285 0.000223685 0.000253837 0.000261818 0.000504456 0
0.16 0.660024 0.0946332 0.0321225 0.0553841 0.0483034 0.109533 0.141797 0.0485601 0.0920056 0.0764792 0.179059 0.0682085 0.0546516 0.0319614 0.0385626 0.0393239 0.302874 0.301257 0.31629 0.304653 0.314216 0.202243 0.189962 0.180772 0.180298 0.185717 0.141807 0 0.000611945 0.00131102 0.000537135 0.000715987 0.000568464 0.000954165 0.00227959 0.000906235 0.00147314 0.000851761 0.00208325 0.000828655 0.000887728 0.000775523 0.000636157 0.000823183 0.0006311 0.00085909 0.000818394 0.000554108 0.000756477 0.0003291 0.000288285 0.000223685 0.000253837 0.000261818 0.000504456 0
0.18 0.660139 0.0946294 0.0322094 0.0552724 0.0483203 0.10943 0.141946 0.0487054 0.0918705 0.076571 0.178946 0.0678315 0.0545489 0.031973 0.0382472 0.0392943 0.303205 0.301331 0.316457 0.30491 0.31432 0.202095 0.189917 0.180861 0.180167 0.18576 0.141879 0 0.000544659 0.000812176 0.00045478 0.000591677 0.000374097 0.000761243 0.00170767 0.000825564 0.00107449 0.000585765 0.0014722 0.00101849 0.000937121 0.000608695 0.000620854 0.000546233 0.000723556 0.000885058 0.000627286 0.000573505 0.000508382 0.000421328 0.000310015 0.000199932 0.000202306 0.000203948 0.000451436 0
0.2 0.660139 0.0946294 0.0322094 0.0552724 0.0483203 0.10943 0.141946 0.0487054 0.0918705 0.076571 0.178946 0.0678315 0.0545489 0.031973 0.0382472 0.0392943 0.303205 0.301331 0.316457 0.30491 0.31432 0.202095 0.189917 0.180861 0.180167 0.18576 0.141879 0 0.000544659 0.000812176 0.00045478 0.000591677 0.000374097 0.000761243 0.00170767 0.000825564 0.00107449 0.000585765 0.0014722 0.00101849 0.000937121 0.000608695 0.000620854 0.000546233 0.000723556 0.000885058 0.000627286 0.000573505 0.000508382 0.000421328 0.000310015 0.000199932 0.000202306 0.000203948 0.000451436 0
0.22 0.660108 0.0952103 0.0319318 0.0551583 0.048418 0.109174 0.143145 0.0481555 0.0916532 0.0767002 0.178358 0.0673453 0.0551304 0.0320136 0.0382795 0.0395218 0.30354 0.300879 0.316366 0.304747 0.314095 0.201879 0.190111 0.180872 0.180119 0.185829 0.141863 0 0.000426962 0.000842977 0.000421659 0.000538296 0.000411171 0.000877223 0.00154358 0.00081926 0.000989542 0.000810752 0.00183459 0.000788746 0.000931568 0.000467288 0.000791661 0.000563239 0.000575873 0.000820559 0.000506706 0.000672426 0.000596284 0.000344385 0.000346894 0.000175371 0.000329083 0.000169691 0.000361255 0
0.24 0.660108 0.0952103 0.0319318 0.0551583 0.048418 0.109174 0.143145 0.0481555 0.0916532 0.0767002 0.178358 0.0673453 0.0551304 0.0320136 0.0382795 0.0395218 0.30354 0.300879 0.316366 0.304747 0.314095 0.201879 0.190111 0.180872 0.180119 0.185829 0.141863 0 0.000426962 0.000842977 0.000421659 0.000538296 0.000411171 0.000877223 0.00154358 0.00081926 0.000989542 0.000810752 0.00183459 0.000788746 0.000931568 0.000467288 0.000791661 0.000563239 0.000575873 0.000820559 0.000506706 0.000672426 0.000596284 0.000344385 0.000346894 0.000175371 0.000329083 0.000169691 0.000361255 0
0.26 0.660097 0.0959968 0.0321868 0.0547178 0.0487698 0.108231 0.144817 0.048525 0.0907503 0.0774076 0.176467 0.0665283 0.0551415 0.0324459 0.0378676 0.0399087 0.304217 0.300866 0.316061 0.305141 0.313801 0.201561 0.190069 0.181027 0.180018 0.185954 0.141849 0 0.000500941 0.000926726 0.000750997 0.000893498 0.000457833 0.00118838 0.0019627 0.00141326 0.00157799 0.00101643 0.00224161 0.00112107 0.00115311 0.00055783 0.000932361 0.000580007 0.000798169 0.00107114 0.000530084 0.000876201 0.00054113 0.000498342 0.000353173 0.000217817 0.000273251 0.000221885 0.000414941 0
0.28 0.660074 0.096995 0.0321383 0.054551 0.0490338 0.107208 0.147108 0.0482186 0.0903532 0.0778738 0.174322 0.0653871 0.0559123 0.0327572 0.0376334 0.0404426 0.305255 0.300119 0.315862 0.305207 0.313328 0.201167 0.190227 0.181142 0.179867 0.186109 0.141832 0 0.000442311 0.00101626 0.000514006 0.000810811 0.000431188 0.000807495 0.00192655 0.000988322 0.00148908 0.000807569 0.00164847 0.000868292 0.00101594 0.000544749 0.000672213 0.000579271 0.000602063 0.000932693 0.000578813 0.000635104 0.000520745 0.000376371 0.000360432 0.000172944 0.000203278 0.000215799 0.000364437 0
0.3 0.660074 0.096995 0.0321383 0.054551 0.0490338 0.107208 0.147108 0.0482186 0.0903532 0.0778738 0.174322 0.0653871 0.0559123 0.0327572 0.0376334 0.0404426 0.305255 0.300119 0.315862 0.305207 0.313328 0.201167 0.190227 0.181142 0.179867 0.186109 0.141832 0 0.000442311 0.00101626 0.000514006 0.000810811 0.000431188 0.000807495 0.00192655 0.000988322 0.00148908 0.000807569 0.00164847 0.000868292 0.00101594 0.000544749 0.000672213 0.000579271 0.000602063 0.000932693 0.000578813 0.000635104 0.000520745 0.000376371 0.000360432 0.000172944 0.000203278 0.000215799 0.000364437 0
0.32 0.660312 0.0982231 0.032591 0.0537286 0.0498407 0.105305 0.150219 0.0488742 0.088746 0.0794874 0.170775 0.0636136 0.0561456 0.0334781 0.0369463 0.0412126 0.306828 0.300164 0.315467 0.306017 0.312946 0.200516 0.190438 0.181473 0.179774 0.186468 0.141974 0 0.000479178 0.000850227 0.00066835 0.000630705 0.000527034 0.000736103 0.00164632 0.00120917 0.00121792 0.000926598 0.00153221 0.000756844 0.000939568 0.000602972 0.000672944 0.000603434 0.000598419 0.00101032 0.000649304 0.000647347 0.000541137 0.000280593 0.00020207 0.000167971 0.000214569 0.000202353 0.000390867 0
0.34 0.660312 0.0982231 0.032591 0.0537286 0.0498407 0.105305 0.150219 0.0488742 0.088746 0.0794874 0.170775 0.0636136 0.0561456 0.0334781 0.0369463 0.0412126 0.306828 0.300164 0.315467 0.306017 0.312946 0.200516 0.190438 0.181473 0.179774 0.186468 0.141974 0 0.000479178 0.000850227 0.00066835 0.000630705 0.000527034 0.000736103 0.00164632 0.00120917 0.00121792 0.000926598 0.00153221 0.000756844 0.000939568 0.000602972 0.000672944 0.000603434 0.000598419 0.00101032 0.000649304 0.000647347 0.000541137 0.000280593 0.00020207 0.000167971 0.000214569 0.000202353 0.000390867 0
0.36 0.660488 0.0996543 0.033167 0.0531015 0.050841 0.102749 0.153976 0.0495802 0.0873988 0.0814911 0.165767 0.0613021 0.0567298 0.0344224 0.0359039 0.0423172 0.308914 0.299877 0.314946 0.306999 0.312123 0.199679 0.190631 0.181899 0.179484 0.18686 0.142102 0 0.000638406 0.000829268 0.000576738 0.000613494 0.000491154 0.000488899 0.00135032 0.00098287 0.00133767 0.000751186 0.00131508 0.000735486 0.00102063 0.000965796 0.000762364 0.000806349 0.00052524 0.000915942 0.000938711 0.000697933 0.000749636 0.000285443 0.000361348 0.000243713 0.00025049 0.000238662 0.000534071 0
0.38 0.660645 0.101991 0.0343163 0.0515594 0.0526293 0.0988592 0.159706 0.051172 0.0841716 0.0849979 0.158185 0.0583537 0.0572629 0.0362832 0.0346135 0.0441247 0.311421 0.299689 0.313657 0.308512 0.310832 0.198617 0.190823 0.182592 0.179292 0.187518 0.142184 0 0.000393158 0.000739496 0.000410134 0.000662322 0.000397124 0.000633269 0.00145025 0.00080167 0.00119898 0.000803221 0.00111525 0.000690928 0.000855075 0.000532651 0.000740514 0.000451775 0.000483084 0.000828115 0.000502613 0.000593271 0.000410308 0.000292422 0.000295694 0.000189784 0.000257176 0.000181145 0.00033385 0
0.4 0.660645 0.101991 0.0343163 0.0515594 0.0526293 0.0988592 0.159706 0.051172 0.0841716 0.0849979 0.158185 0.0583537 0.0572629 0.0362832 0.0346135 0.0441247 0.311421 0.299689 0.313657 0.308512 0.310832 0.198617 0.190823 0.182592 0.179292 0.187518 0.142184 0 0.000393158 0.000739496 0.000410134 0.000662322 0.000397124 0.000633269 0.00145025 0.00080167 0.00119898 0.000803221 0.00111525 0.000690928 0.000855075 0.000532651 0.000740514 0.000451775 0.000483084 0.000828115 0.000502613 0.000593271 0.000410308 0.000292422 0.000295694 0.000189784 0.000257176 0.000181145 0.00033385 0
0.42 0.661634 0.103728 0.035444 0.0504846 0.0544283 0.0942811 0.165428 0.0529638 0.0820898 0.0889256 0.150075 0.0543156 0.05687 0.0373637 0.0325168 0.045329 0.3149 0.300404 0.313211 0.310858 0.310078 0.197214 0.190778 0.183116 0.178929 0.187973 0.142974 0 0.000437448 0.00092885 0.000621325 0.000731721 0.000416927 0.000593939 0.00176983 0.00107821 0.0014473 0.00079082 0.00134149 0.000586554 0.000807373 0.000780253 0.00059364 0.000587427 0.000447763 0.000707569 0.000812127 0.000517256 0.000608897 0.00024854 0.000279458 0.000213747 0.000206802 0.000181314 0.000360798 0
0.44 0.661634 0.103728 0.035444 0.0504846 0.0544283 0.0942811 0.165428 0.0529638 0.0820898 0.0889256 0.150075 0.0543156 0.05687 0.0373637 0.0325168 0.045329 0.3149 0.300404 0.313211 0.310858 0.310078 0.197214 0.190778 0.183116 0.178929 0.187973 0.142974 0 0.000437448 0.00092885 0.000621325 0.000731721 0.000416927 0.000593939 0.00176983 0.00107821 0.0014473 0.00079082 0.00134149 0.000586554 0.000807373 0.000780253 0.00059364 0.000587427 0.000447763 0.000707569 0.000812127 0.000517256 0.000608897 0.00024854 0.000279458 0.000213747 0.000206802 0.000181314 0.000360798 0
0.46 0.66245 0.104703 0.0380811 0.0486327 0.0572432 0.0888896 0.169812 0.0573171 0.07827 0.0946393 0.140338 0.0504421 0.0555295 0.0398748 0.030533 0.0470891 0.318129 0.301932 0.311699 0.313533 0.308916 0.195838 0.190489 0.184177 0.178781 0.188629 0.143596 0 0.000358968 0.000684881 0.000538819 0.000664989 0.000532462 0.000669229 0.00136404 0.000928283 0.00132173 0.0010063 0.00130938 0.000530648 0.00059966 0.000805555 0.000524234 0.000518743 0.00042436 0.000537789 0.000760671 0.00048868 0.000446616 0.000230971 0.000217003 0.000272635 0.000177611 0.0002016 0.000303689 0
0.48 0.66245 0.104703 0.0380811 0.0486327 0.0572432 0.0888896 0.169812 0.0573171 0.07827 0.0946393 0.140338 0.0504421 0.0555295 0.0398748 0.030533 0.0470891 0.318129 0.301932 0.311699 0.313533 0.308916 0.195838 0.190489 0.184177 0.178781 0.188629 0.143596 0 0.000358968 0.000684881 0.000538819 0.000664989 0.000532462 0.000669229 0.00136404 0.000928283 0.00132173 0.0010063 0.00130938 0.000530648 0.00059966 0.000805555 0.000524234 0.000518743 0.00042436 0.000537789 0.000760671 0.00048868 0.000446616 0.000230971 0.000217003 0.000272635 0.000177611 0.0002016 0.000303689 0
0.5 0.663706 0.104949 0.0412992 0.0468139 0.06054 0.0826918 0.173306 0.0629471 0.0745266 0.101474 0.12963 0.0461372 0.0533604 0.0425163 0.0285904 0.0486454 0.321454 0.304369 0.310067 0.316678 0.307957 0.194233 0.190028 0.18529 0.178924 0.189201 0.144581 0 0.000638727 0.00101257 0.000716479 0.000707559 0.000505706 0.000565645 0.00198804 0.00103143 0.00147042 0.000753194 0.0013959 0.000730409 0.00068313 0.00124119 0.000680408 0.000980966 0.000601802 0.000568356 0.00111114 0.000504291 0.000861618 0.000270872 0.000289006 0.000379505 0.00026754 0.000318673 0.000550875 0
0.52 0.664905 0.102857 0.0458743 0.0460916 0.0639005 0.0763721 0.172375 0.0709799 0.0726367 0.108105 0.119147 0.0421414 0.0505974 0.0452443 0.0277346 0.0497453 0.324101 0.307221 0.308734 0.319332 0.307475 0.192519 0.189439 0.186625 0.179555 0.189709 0.145526 0 0.00063043 0.000927778 0.000509397 0.000654851 0.000384245 0.000596249 0.00169367 0.00102541 0.0012155 0.000898601 0.00116594 0.000594265 0.0011536 0.00103603 0.000893728 0.000779595 0.000554845 0.00102389 0.000981034 0.000757441 0.000756465 0.000185621 0.000368689 0.000301412 0.000296216 0.000215539 0.000538974 0
0.54 0.664905 0.102857 0.0458743 0.0460916 0.0639005 0.0763721 0.172375 0.0709799 0.0726367 0.108105 0.119147 0.0421414 0.0505974 0.0452443 0.0277346 0.0497453 0.324101 0.307221 0.308734 0.319332 0.307475 0.192519 0.189439 0.186625 0.179555 0.189709 0.145526 0 0.00063043 0.000927778 0.000509397 0.000654851 0.000384245 0.000596249 0.00169367 0.00102541 0.0012155 0.000898601 0.00116594 0.000594265 0.0011536 0.00103603 0.000893728 0.000779595 0.000554845 0.00102389 0.000981034 0.000757441 0.000756465 0.000185621 0.000368689 0.000301412 0.000296216 0.000215539 0.000538974 0
0.56 0.665842 0.0995742 0.0509212 0.0470235 0.0666825 0.0699569 0.168844 0.0798021 0.0734714 0.113235 0.108822 0.0383714 0.0484057 0.0477812 0.0284289 0.0504519 0.325853 0.309557 0.307777 0.321218 0.307342 0.1906 0.189058 0.188051 0.180848 0.190078 0.146256 0 0.000426099 0.000594832 0.000530004 0.000602321 0.000516996 0.000868895 0.00115644 0.0010874 0.00103452 0.00119263 0.00157912 0.000440212 0.000951854 0.000660931 0.00078834 0.000597348 0.00039896 0.000830868 0.000548294 0.000638161 0.000543887 0.000155598 0.000336371 0.000253064 0.000250202 0.000197192 0.000386709 0
0.58 0.665842 0.0995742 0.0509212 0.0470235 0.0666825 0.0699569 0.168844 0.0798021 0.0734714 0.113235 0.108822 0.0383714 0.0484057 0.0477812 0.0284289 0.0504519 0.325853 0.309557 0.307777 0.321218 0.307342 0.1906 0.189058 0.188051 0.180848 0.190078 0.146256 0 0.000426099 0.000594832 0.000530004 0.000602321 0.000516996 0.000868895 0.00115644 0.0010874 0.00103452 0.00119263 0.00157912 0.000440212 0.000951854 0.000660931 0.00078834 0.000597348 0.00039896 0.000830868 0.000548294 0.000638161 0.000543887 0.000155598 0.000336371 0.000253064 0.000250202 0.000197192 0.000386709 0
0.6 0.66654 0.0947576 0.0567065 0.0498426 0.068259 0.0638939 0.162028 0.0899477 0.0777497 0.115757 0.0993909 0.034674 0.0462532 0.0491373 0.0300889 0.0505616 0.326728 0.311732 0.307993 0.322166 0.307689 0.188293 0.188661 0.189281 0.18238 0.190198 0.146833 0 0.000687051 0.000903948 0.000620696 0.000543846 0.000644198 0.000693324 0.00148211 0.00146239 0.00075771 0.00155074 0.00110964 0.000479759 0.0012234 0.000876264 0.000950244 0.000690103 0.000499628 0.00115878 0.000739663 0.000872927 0.000673562 0.000128772 0.000325993 0.000312196 0.000280489 0.000208157 0.000573601 0
0.62 0.66654 0.0947576 0.0567065 0.0498426 0.068259 0.0638939 0.162028 0.0899477 0.0777497 0.115757 0.0993909 0.034674 0.0462532 0.0491373 0.0300889 0.0505616 0.326728 0.311732 0.307993 0.322166 0.307689 0.188293 0.188661 0.189281 0.18238 0.190198 0.146833 0 0.000687051 0.000903948 0.000620696 0.000543846 0.000644198 0.000693324 0.00148211 0.00146239 0.00075771 0.00155074 0.00110964 0.000479759 0.0012234 0.000876264 0.000950244 0.000690103 0.000499628 0.00115878 0.000739663 0.000872927 0.000673562 0.000128772 0.000325993 0.000312196 0.000280489 0.000208157 0.000573601 0
0.64 0.666523 0.0902679 0.0622026 0.0546705 0.0669162 0.0594201 0.154931 0.0992905 0.0853901 0.11249 0.0924618 0.0317564 0.0454095 0.0497488 0.0332502 0.0504132 0.326472 0.312913 0.308541 0.32162 0.308006 0.186019 0.188785 0.190089 0.184311 0.19016 0.146791 0 0.000484967 0.000926037 0.000892144 0.000637244 0.000726857 0.000611705 0.00165528 0.00185771 0.00112903 0.0014264 0.00109521 0.000403463 0.00111057 0.00078851 0.000682949 0.000609998 0.000424445 0.000971772 0.000677553 0.000544624 0.00058529 0.000160474 0.000359641 0.000274668 0.000248822 0.000225709 0.000414174 0
0.66 0.666515 0.0865807 0.0667762 0.058857 0.0652816 0.055989 0.148909 0.107155 0.0921996 0.108991 0.0871742 0.029479 0.0445035 0.0498352 0.035712 0.0502016 0.325919 0.313813 0.30933 0.321059 0.308222 0.1841 0.188674 0.190604 0.185767 0.190069 0.146789 0 0.000579494 0.000860484 0.000649868 0.000524266 0.000600698 0.000789159 0.00142657 0.00149504 0.00109261 0.00120566 0.00133592 0.000443123 0.00107257 0.00108397 0.000687642 0.000763314 0.000449034 0.000923267 0.00088817 0.000590837 0.000671738 0.000160824 0.000341318 0.000383071 0.000220239 0.000265176 0.000495433 0
0.68 0.666515 0.0865807 0.0667762 0.058857 0.0652816 0.055989 0.148909 0.107155 0.0921996 0.108991 0.0871742 0.029479 0.0445035 0.0498352 0.035712 0.0502016 0.325919 0.313813 0.30933 0.321059 0.308222 0.1841 0.188674 0.190604 0.185767 0.190069 0.146789 0 0.000579494 0.000860484 0.000649868 0.000524266 0.000600698 0.000789159 0.00142657 0.00149504 0.00109261 0.00120566 0.00133592 0.000443123 0.00107257 0.00108397 0.000687642 0.000763314 0.000449034 0.000923267 0.00088817 0.000590837 0.000671738 0.000160824 0.000341318 0.000383071 0.000220239 0.000265176 0.000495433 0
0.7 0.666288 0.0839841 0.069982 0.0614457 0.0642317 0.0540689 0.144478 0.112527 0.0961724 0.1067 0.0841488 0.0280906 0.04415 0.0505705 0.0373562 0.0500176 0.325175 0.314195 0.309314 0.32062 0.308181 0.182768 0.188666 0.191207 0.186707 0.189886 0.146608 0 0.000624767 0.000749921 0.000692859 0.000634658 0.000571535 0.000489935 0.00126095 0.00149014 0.00139352 0.000972473 0.000863621 0.00051896 0.00107319 0.001174 0.000653046 0.000969389 0.000467453 0.00085015 0.00105427 0.000614389 0.000866607 0.000197389 0.000400631 0.000365404 0.00019647 0.000338073 0.000539041 0
0.72 0.666288 0.0839841 0.069982 0.0614457 0.0642317 0.0540689 0.144478 0.112527 0.0961724 0.1067 0.0841488 0.0280906 0.04415 0.0505705 0.0373562 0.0500176 0.325175 0.314195 0.309314 0.32062 0.308181 0.182768 0.188666 0.191207 0.186707 0.189886 0.146608 0 0.000624767 0.000749921 0.000692859 0.000634658 0.000571535 0.000489935 0.00126095 0.00149014 0.00139352 0.000972473 0.000863621 0.00051896 0.00107319 0.001174 0.000653046 0.000969389 0.000467453 0.00085015 0.00105427 0.000614389 0.000866607 0.000197389 0.000400631 0.000365404 0.00019647 0.000338073 0.000539041 0
0.74 0.66606 0.0822223 0.0723551 0.0626497 0.0638425 0.0528707 0.141307 0.116545 0.0978373 0.105744 0.0822198 0.0273446 0.0438569 0.0513448 0.0383808 0.0501161 0.324451 0.314465 0.309028 0.320375 0.308099 0.181888 0.188636 0.191678 0.187301 0.189864 0.146428 0 0.00056885 0.000648961 0.000669248 0.000616207 0.000726773 0.00075863 0.00110576 0.0014214 0.00128295 0.00143313 0.00119268 0.000491247 0.00087473 0.00105688 0.000704131 0.000632934 0.000483776 0.000816791 0.000885314 0.000682398 0.000681272 0.000169116 0.000261076 0.00039229 0.000208692 0.000211005 0.000475918 0
0.76 0.665783 0.0816732 0.072998 0.0636472 0.0632444 0.0526539 0.140192 0.117436 0.0993212 0.10441 0.0818917 0.0271206 0.0442024 0.0516249 0.0392479 0.0500979 0.323908 0.314215 0.308916 0.319849 0.308057 0.181459 0.188769 0.191832 0.187687 0.189858 0.146199 0 0.000587884 0.000788509 0.000788486 0.000725713 0.00070733 0.000552759 0.00121877 0.00182045 0.00143292 0.00130064 0.000917081 0.00047287 0.00116872 0.00101443 0.000755587 0.000807569 0.000407664 0.000935792 0.000878287 0.000660347 0.000706182 0.00018796 0.000416624 0.000327382 0.000258831 0.000285763 0.00049856 0
0.78 0.665783 0.0816732 0.072998 0.0636472 0.0632444 0.0526539 0.140192 0.117436 0.0993212 0.10441 0.0818917 0.0271206 0.0442024 0.0516249 0.0392479 0.0500979 0.323908 0.314215 0.308916 0.319849 0.308057 0.181459 0.188769 0.191832 0.187687 0.189858 0.146199 0 0.000587884 0.000788509 0.000788486 0.000725713 0.00070733 0.000552759 0.00121877 0.00182045 0.00143292 0.00130064 0.000917081 0.00047287 0.00116872 0.00101443 0.000755587 0.000807569 0.000407664 0.000935792 0.000878287 0.000660347 0.000706182 0.00018796 0.000416624 0.000327382 0.000258831 0.000285763 0.00049856 0
0.8 0.665692 0.0814301 0.0732972 0.0640881 0.0630865 0.0524065 0.139706 0.117872 0.100002 0.104045 0.0814945 0.026934 0.044346 0.0517215 0.0395802 0.0500292 0.323676 0.314121 0.308931 0.319732 0.30801 0.181214 0.188869 0.191936 0.187868 0.189761 0.14612 0 0.000512187 0.000640551 0.000813272 0.000561183 0.000831529 0.000780189 0.00107858 0.00166833 0.00123868 0.00148334 0.00143781 0.000375421 0.00081029 0.00101616 0.000518063 0.000886537 0.000384548 0.000785456 0.000841792 0.000544594 0.000786041 0.0001246 0.000237223 0.000353303 0.000147964 0.000324705 0.000436351 0
0.82 0.665692 0.0814301 0.0732972 0.0640881 0.0630865 0.0524065 0.139706 0.117872 0.100002 0.104045 0.0814945 0.026934 0.044346 0.0517215 0.0395802 0.0500292 0.323676 0.314121 0.308931 0.319732 0.30801 0.181214 0.188869 0.191936 0.187868 0.189761 0.14612 0 0.000512187 0.000640551 0.000813272 0.000561183 0.000831529 0.000780189 0.00107858 0.00166833 0.00123868 0.00148334 0.00143781 0.000375421 0.00081029 0.00101616 0.000518063 0.000886537 0.000384548 0.000785456 0.000841792 0.000544594 0.000786041 0.0001246 0.000237223 0.000353303 0.000147964 0.000324705 0.000436351 0
0.84 0.665757 0.0813381 0.0737227 0.0639302 0.0630781 0.0521738 0.139536 0.118733 0.099715 0.10409 0.0811563 0.0267781 0.044128 0.0517917 0.0394916 0.0500257 0.323621 0.314358 0.308847 0.319839 0.308081 0.181061 0.188832 0.191927 0.187848 0.1898 0.146197 0 0.000618381 0.000733494 0.000864796 0.000896618 0.000927753 0.000603202 0.00116338 0.0018816 0.00187292 0.0016449 0.000973393 0.000454496 0.001053 0.00125446 0.000740449 0.000832068 0.000509287 0.000909077 0.00109496 0.000635621 0.000752313 0.000135709 0.000343838 0.000397036 0.000246639 0.000282158 0.000524364 0
0.86 0.665757 0.0813381 0.0737227 0.0639302 0.0630781 0.0521738 0.139536 0.118733 0.099715 0.10409 0.0811563 0.0267781 0.044128 0.0517917 0.0394916 0.0500257 0.323621 0.314358 0.308847 0.319839 0.308081 0.181061 0.188832 0.191927 0.187848 0.1898 0.146197 0 0.000618381 0.000733494 0.000864796 0.000896618 0.000927753 0.000603202 0.00116338 0.0018816 0.00187292 0.0016449 0.000973393 0.000454496 0.001053 0.00125446 0.000740449 0.000832068 0.000509287 0.000909077 0.00109496 0.000635621 0.000752313 0.000135709 0.000343838 0.000397036 0.000246639 0.000282158 0.000524364 0
0.88 0.665813 0.0812909 0.0734932 0.0644757 0.0627833 0.0521435 0.13953 0.118297 0.100754 0.103563 0.0811645 0.0266537 0.0441288 0.0513957 0.0396408 0.0498785 0.323687 0.314321 0.309192 0.31983 0.308227 0.181008 0.188825 0.191824 0.187942 0.189717 0.146243 0 0.000418143 0.000780563 0.00084925 0.000818076 0.000793813 0.000542526 0.00137275 0.00175484 0.00165663 0.00140214 0.00100051 0.000326905 0.000809979 0.000918264 0.000513149 0.000756823 0.000356608 0.000724371 0.000767887 0.000458654 0.000647453 0.00016722 0.000267341 0.000302102 0.000174697 0.000291717 0.000356663 0
0.9 0.665823 0.0810681 0.0738414 0.0640638 0.0630673 0.0521366 0.139094 0.118978 0.10001 0.104098 0.0811358 0.0267663 0.0440224 0.0516609 0.0394932 0.0499812 0.323625 0.314403 0.309015 0.319923 0.308134 0.181054 0.188813 0.191915 0.187898 0.189811 0.146229 0 0.000663551 0.00086589 0.000911645 0.000803781 0.000744515 0.000557024 0.00137429 0.0020436 0.00178747 0.00127189 0.00086422 0.000503756 0.00124326 0.00125456 0.000709473 0.000845569 0.000467637 0.00102006 0.00117511 0.000622373 0.00076892 0.000185131 0.000422339 0.000356173 0.000239063 0.0002908 0.000566678 0
0.92 0.665823 0.0810681 0.0738414 0.0640638 0.0630673 0.0521366 0.139094 0.118978 0.10001 0.104098 0.0811358 0.0267663 0.0440224 0.0516609 0.0394932 0.0499812 0.323625 0.314403 0.309015 0.319923 0.308134 0.181054 0.188813 0.191915 0.187898 0.189811 0.146229 0 0.000663551 0.00086589 0.000911645 0.000803781 0.000744515 0.000557024 0.00137429 0.0020436 0.00178747 0.00127189 0.00086422 0.000503756 0.00124326 0.00125456 0.000709473 0.000845569 0.000467637 0.00102006 0.00117511 0.000622373 0.00076892 0.000185131 0.000422339 0.000356173 0.000239063 0.0002908 0.000566678 0
0.94 0.6657 0.0814141 0.0736315 0.0642068 0.0631099 0.0519375 0.139727 0.118474 0.100154 0.104107 0.080676 0.0267532 0.0441872 0.0517356 0.0395985 0.0502072 0.323661 0.314244 0.308881 0.319845 0.307873 0.181083 0.188806 0.191921 0.187915 0.189819 0.146138 0 0.000544806 0.000675773 0.000528769 0.000581804 0.000578733 0.000657184 0.00111328 0.00125726 0.00123303 0.00112505 0.00109595 0.000512793 0.000914157 0.000990505 0.000706458 0.000666901 0.000529035 0.000780736 0.000824544 0.00063931 0.000645737 0.000178594 0.000316433 0.000324631 0.000243677 0.00022752 0.000465143 0
0.96 0.6657 0.0814141 0.0736315 0.0642068 0.0631099 0.0519375 0.139727 0.118474 0.100154 0.104107 0.080676 0.0267532 0.0441872 0.0517356 0.0395985 0.0502072 0.323661 0.314244 0.308881 0.319845 0.307873 0.181083 0.188806 0.191921 0.187915 0.189819 0.146138 0 0.000544806 0.000675773 0.000528769 0.000581804 0.000578733 0.000657184 0.00111328 0.00125726 0.00123303 0.00112505 0.00109595 0.000512793 0.000914157 0.000990505 0.000706458 0.000666901 0.000529035 0.000780736 0.000824544 0.00063931 0.000645737 0.000178594 0.000316433 0.000324631 0.000243677 0.00022752 0.000465143 0
0.98 0.665785 0.0812298 0.0736334 0.064008 0.0629812 0.0523623 0.139413 0.118539 0.0998814 0.103919 0.0815267 0.0267122 0.044063 0.0517146 0.0395241 0.0497867 0.323708 0.31431 0.308922 0.319859 0.308273 0.181057 0.188771 0.191925 0.187883 0.189737 0.146206 0 0.000448088 0.000755874 0.000852925 0.000665727 0.000597964 0.00067623 0.00135967 0.00183425 0.00131145 0.00113869 0.00113018 0.000407333 0.000925032 0.000805688 0.00062436 0.000668295 0.00042201 0.000733698 0.000736155 0.000533607 0.000580338 0.000165935 0.000322585 0.000282649 0.00022952 0.000253448 0.000392211 0
1 0.665755 0.0814256 0.0732841 0.0643101 0.0630655 0.0521595 0.139757 0.117877 0.100393 0.104042 0.0811576 0.026681 0.0443841 0.0515926 0.039581 0.0500376 0.323685 0.314121 0.308987 0.319829 0.308115 0.181 0.188923 0.191863 0.187911 0.189831 0.146186 0 0.000686609 0.000852949 0.000916722 0.000822298 0.00054406 0.000718821 0.00131221 0.00207446 0.00168127 0.00101046 0.00117475 0.000547285 0.00122288 0.00120301 0.000811402 0.000899875 0.000490308 0.00105143 0.00105811 0.000726094 0.000844782 0.000214336 0.00042008 0.000396773 0.000283078 0.000297209 0.00059717 0
