# Table 
0 1 6.6949e-17 1 6.6949e-17 1 6.6949e-17 1 6.6949e-17 1 6.6949e-17
1 0.439941 0.0019936 0.560895 0.000131618 0.492556 0.000885449 0.59553 0.00244463 0.489165 0.000866157
2 0.431156 0.00216474 0.55241 0.000351421 0.485645 0.00110571 0.581504 0.00254434 0.480735 0.00105832
3 0.421415 0.00218854 0.54364 0.000199677 0.476685 0.000792814 0.57113 0.00337444 0.464014 0.000222088
4 0.409789 0.00244262 0.532946 0.000109372 0.468251 0.0010152 0.554354 0.00340652 0.452874 0.000336982
5 0.396489 0.00235307 0.520723 0.000126275 0.459017 0.000908028 0.535233 0.00389421 0.440755 7.79952e-05
6 0.382161 0.00246604 0.507232 0.000224538 0.44882 0.00113852 0.513841 0.00373168 0.427317 3.84233e-05
7 0.366706 0.00267698 0.492614 0.000169601 0.437415 0.00124452 0.491543 0.00418159 0.412401 6.56746e-05
8 0.350546 0.00262435 0.476761 0.000178191 0.425281 0.00118408 0.468042 0.00481295 0.396531 0.000309956
9 0.333848 0.00258133 0.460302 0.000292018 0.412173 0.00124175 0.444015 0.00485303 0.379763 0.000533498
10 0.31688 0.00246749 0.442969 0.000281168 0.398422 0.00128414 0.419437 0.0051867 0.362507 0.00108283
11 0.299876 0.00271867 0.425225 0.000256676 0.38408 0.00160167 0.394993 0.00527107 0.345421 0.000610839
12 0.282903 0.00283764 0.407084 0.000278434 0.369312 0.00162182 0.370278 0.00566293 0.32768 0.000725399
13 0.266044 0.00271766 0.3888 0.000277543 0.354087 0.00174989 0.346503 0.00581856 0.309498 0.000613784
14 0.249604 0.00301024 0.37029 0.000391191 0.338651 0.0019668 0.323157 0.00586962 0.291988 0.000379865
15 0.233686 0.00303929 0.351863 0.000422338 0.323032 0.00197988 0.300592 0.00612967 0.274555 0.000673592
16 0.218263 0.00292542 0.333512 0.000424662 0.307527 0.00219853 0.278906 0.00581115 0.257419 0.000318175
17 0.203563 0.00311512 0.31556 0.000388908 0.291933 0.00237489 0.258232 0.00606213 0.24104 0.000124994
18 0.18957 0.00315923 0.297774 0.000501536 0.276518 0.0025356 0.238503 0.00595037 0.225624 0.000190712
19 0.176041 0.00307604 0.280365 0.000516811 0.26137 0.00271581 0.219788 0.00590276 0.210067 0.000197239
20 0.163264 0.00314054 0.263459 0.000488271 0.246407 0.0028101 0.202285 0.00583983 0.19546 0.000230321
21 0.151231 0.00316681 0.246912 0.000594346 0.231879 0.00300396 0.18579 0.00556327 0.181899 0.000576061
22 0.139845 0.00319072 0.230929 0.000653624 0.21772 0.00316251 0.17002 0.00523287 0.168815 0.000924481
23 0.129129 0.00317701 0.215514 0.00070269 0.203868 0.00330367 0.155736 0.0054081 0.156476 0.000963529
24 0.119125 0.00315671 0.200689 0.00062764 0.190585 0.00345313 0.142214 0.00514247 0.144934 0.0012558
25 0.109593 0.00307359 0.186375 0.000695275 0.177802 0.00372985 0.129383 0.00480229 0.134038 0.00157086
26 0.100763 0.00313185 0.172784 0.000709854 0.165439 0.00382595 0.117797 0.00455171 0.123827 0.00179975
27 0.0925877 0.00310193 0.159705 0.000723518 0.153656 0.00399594 0.107026 0.00459766 0.114236 0.0019298
28 0.084775 0.0031016 0.147312 0.000752958 0.142258 0.0040356 0.0969365 0.00419925 0.10533 0.00217593
29 0.0775968 0.00300333 0.135502 0.000695034 0.131532 0.00418817 0.0877504 0.00413327 0.0971309 0.00219085
30 0.070956 0.00301198 0.1243 0.000673069 0.121164 0.00432648 0.079188 0.00379112 0.0893212 0.00255071
31 0.0646002 0.00306346 0.113712 0.000652716 0.111371 0.00446051 0.0713597 0.00370413 0.0817527 0.00271535
32 0.0588261 0.00302448 0.10375 0.000587488 0.102085 0.00448256 0.0642119 0.00367924 0.0749485 0.00267654
33 0.0533695 0.00296575 0.0943139 0.000591155 0.0932581 0.0046021 0.0575738 0.00343099 0.0682789 0.0028078
34 0.0482503 0.00293774 0.0854489 0.000505904 0.0849008 0.00469781 0.0516342 0.00333755 0.0621907 0.00289994
35 0.0436171 0.00281899 0.0771535 0.000412122 0.0770647 0.0047914 0.0461182 0.0030091 0.056235 0.00303177
36 0.0392932 0.00279654 0.0693444 0.000354602 0.0696756 0.00482843 0.0410039 0.00293576 0.0511077 0.00307901
37 0.0351961 0.00284282 0.0620381 0.000274928 0.0626819 0.00497342 0.0363621 0.00286164 0.0458863 0.00338574
38 0.031463 0.00276544 0.0552295 0.00025239 0.0560915 0.00492859 0.0320912 0.00255699 0.0412396 0.00331242
39 0.0280256 0.00265708 0.0488858 0.000200649 0.0499341 0.00493103 0.0283267 0.00253219 0.0368531 0.0033186
40 0.0246972 0.00273694 0.0429298 7.06934e-05 0.044049 0.00507188 0.0247967 0.00234889 0.0323172 0.00361802
41 0.0217014 0.00262135 0.0374085 1.53453e-05 0.0386511 0.00502031 0.0215142 0.00228744 0.028386 0.0034915
42 0.0189325 0.00275027 0.0323129 3.97272e-05 0.0336061 0.00502645 0.0186855 0.00219522 0.02476 0.00371257
43 0.0163979 0.00269958 0.0275394 9.55574e-05 0.0288498 0.00505636 0.0161532 0.00211226 0.0211357 0.00376157
44 0.0139815 0.00273543 0.0231882 0.000167974 0.0243938 0.00507322 0.0135284 0.00194696 0.0177896 0.00391888
45 0.0118006 0.00270205 0.0191354 0.000189596 0.0203295 0.00506722 0.0115415 0.00179486 0.0147284 0.0041324
46 0.00972333 0.00282365 0.0153772 0.000283457 0.0164643 0.00508111 0.00944514 0.00184689 0.0118606 0.0043639
47 0.00781196 0.00290675 0.0119899 0.000261367 0.0128957 0.00504586 0.00765683 0.00181144 0.00905261 0.00457335
48 0.00608897 0.00297589 0.00880401 0.000333029 0.0096789 0.00505336 0.00605292 0.00180896 0.00661091 0.00473224
49 0.00452383 0.00305043 0.00592207 0.000390468 0.00659309 0.0050696 0.00460681 0.00179159 0.00406199 0.00501386
50 0.00300135 0.00314541 0.00324981 0.000372152 0.00379189 0.0050452 0.0032165 0.00174512 0.00201242 0.00530481
51 0.00172893 0.00318927 0.000893263 0.000411573 0.00121966 0.00498818 0.00200806 0.00171415 5.19696e-05 0.00549295
52 0.000467548 0.00333682 -0.0013405 0.000441927 -0.00115753 0.00498378 0.000821164 0.00178457 -0.00180845 0.00574463
53 -0.000683983 0.00342065 -0.00329188 0.000448107 -0.00329344 0.00497844 -0.000105471 0.00172302 -0.00346433 0.00610028
54 -0.00166997 0.00355234 -0.00508512 0.000505068 -0.00531063 0.00497264 -0.00105838 0.00166252 -0.00504164 0.00654489
55 -0.00262785 0.00359792 -0.00670575 0.000551245 -0.00709291 0.00493488 -0.00191669 0.00175673 -0.00638897 0.00662767
56 -0.00346696 0.00378425 -0.00817534 0.00050562 -0.00867749 0.00493436 -0.00267993 0.00183767 -0.00754473 0.00699544
57 -0.00422598 0.00385121 -0.0094667 0.000558267 -0.0101915 0.00482934 -0.00329319 0.00185163 -0.00886742 0.00709996
58 -0.00488822 0.00394707 -0.0105915 0.000559315 -0.0114991 0.00479628 -0.00379031 0.00192817 -0.0097552 0.00727026
59 -0.00551925 0.00405706 -0.0115942 0.000591392 -0.0126497 0.00475476 -0.00445785 0.00193756 -0.010599 0.00759181
60 -0.00607103 0.00411721 -0.0124578 0.00060073 -0.0137248 0.00468574 -0.00482648 0.00201632 -0.0115161 0.00773302
61 -0.00653133 0.00421155 -0.0131857 0.000583521 -0.0146636 0.00464067 -0.00515338 0.00193997 -0.0122368 0.00799226
62 -0.00695589 0.00432258 -0.0137977 0.000587348 -0.0155172 0.00456834 -0.00541087 0.00209494 -0.0129879 0.00818095
63 -0.00732202 0.00435023 -0.0143314 0.000617083 -0.0162066 0.00451402 -0.00573199 0.0020611 -0.0134303 0.00839269
64 -0.00761678 0.00446234 -0.0147922 0.000627787 -0.016807 0.00446852 -0.00596538 0.00218407 -0.0139267 0.00853014
65 -0.00789403 0.00449835 -0.0151246 0.000625036 -0.0172863 0.00438347 -0.00615865 0.00230665 -0.0142688 0.00851224
66 -0.00815289 0.0046145 -0.0153648 0.000631226 -0.0176646 0.00425773 -0.00622081 0.0024549 -0.0146746 0.00872539
67 -0.00839832 0.00461216 -0.0155985 0.000643226 -0.0180703 0.0041897 -0.0063527 0.00242996 -0.0150462 0.00884228
68 -0.00847855 0.00464256 -0.0157251 0.000649017 -0.0182817 0.0040939 -0.00647074 0.00249087 -0.0151087 0.00886691
69 -0.00863052 0.00470692 -0.0158231 0.000622851 -0.0184663 0.00405908 -0.00661309 0.0025062 -0.0152373 0.00906123
70 -0.00872051 0.00473049 -0.0158328 0.000602873 -0.0186058 0.00391949 -0.00661405 0.00263068 -0.01531 0.00897785
71 -0.00876832 0.0047467 -0.0157731 0.000621595 -0.0186712 0.00386595 -0.00651032 0.00266174 -0.0155115 0.00896433
72 -0.0088165 0.00473898 -0.0157052 0.000605177 -0.0186589 0.00373926 -0.00656035 0.00265623 -0.0155565 0.00920439
73 -0.00884136 0.00472554 -0.0155788 0.00059382 -0.018578 0.00360898 -0.00657137 0.00274806 -0.0155611 0.00901843
74 -0.00884549 0.00472708 -0.0154119 0.000555035 -0.018507 0.00349414 -0.00653255 0.00282653 -0.015481 0.00907125
75 -0.00881947 0.00474735 -0.0152096 0.000572003 -0.0183114 0.00339434 -0.00653781 0.00288772 -0.0154507 0.00900345
76 -0.00878551 0.00471122 -0.0149622 0.000508875 -0.0180813 0.00330145 -0.0065292 0.00290046 -0.0154011 0.00894365
77 -0.00875377 0.00466667 -0.0146849 0.000503551 -0.0179146 0.00320784 -0.0065715 0.00299782 -0.0153745 0.00894234
78 -0.00871761 0.00462754 -0.0144298 0.00048818 -0.017592 0.00305575 -0.00667153 0.00297891 -0.0150983 0.00885829
79 -0.00864909 0.0045547 -0.0140934 0.000459999 -0.0173133 0.00289694 -0.00658583 0.00306581 -0.0150313 0.00852919
80 -0.00859077 0.00452787 -0.0137735 0.000457193 -0.0169984 0.00282874 -0.00659885 0.00308582 -0.0148647 0.00849515
81 -0.00848491 0.00445847 -0.0134696 0.000413352 -0.0166585 0.00265282 -0.00667219 0.00310232 -0.014695 0.00831347
82 -0.0084152 0.00440928 -0.0130984 0.000451704 -0.0162626 0.0025758 -0.00661234 0.00318889 -0.0144526 0.00806545
83 -0.00832692 0.0044083 -0.0127424 0.000409513 -0.0158944 0.00244749 -0.00663852 0.00323636 -0.0142304 0.0079598
84 -0.0082243 0.00424746 -0.0123658 0.000347083 -0.0154845 0.00227988 -0.00663372 0.00322721 -0.0141158 0.00769217
85 -0.00814258 0.00420427 -0.01197 0.000376452 -0.0150623 0.00219035 -0.00677732 0.00323842 -0.0137939 0.0075351
86 -0.00802195 0.00414742 -0.0115905 0.000319176 -0.0146262 0.00205798 -0.00677205 0.00313879 -0.0136114 0.00742927
87 -0.0078801 0.00408574 -0.0111944 0.00034527 -0.0141951 0.00198519 -0.00680174 0.00327387 -0.0132487 0.00705079
88 -0.00774295 0.00402515 -0.0107837 0.00028485 -0.0137365 0.00188617 -0.00689443 0.0031407 -0.0128752 0.00683189
89 -0.0076137 0.00395196 -0.0103861 0.000299535 -0.0132759 0.00175189 -0.00688821 0.00323987 -0.0126855 0.0065575
90 -0.00748628 0.00381832 -0.00999739 0.000336744 -0.0128174 0.00167225 -0.0069684 0.00321803 -0.012302 0.00625554
91 -0.00736728 0.00377623 -0.00957116 0.000326944 -0.0123977 0.00156242 -0.00702585 0.00330697 -0.0119289 0.00605092
92 -0.00721155 0.00372444 -0.00918618 0.000350325 -0.0119078 0.00146079 -0.00707955 0.00339591 -0.0115245 0.00564871
93 -0.00710277 0.00360396 -0.008821 0.000334321 -0.0114806 0.00136281 -0.00715972 0.00344349 -0.0112846 0.00528774
94 -0.00700296 0.00349228 -0.008425 0.000378636 -0.0110029 0.00129756 -0.00722855 0.00340471 -0.0109893 0.00509584
95 -0.00687897 0.00343102 -0.00807776 0.00038062 -0.0106416 0.00124581 -0.00727735 0.00335547 -0.0107859 0.00492209
96 -0.00674052 0.00331982 -0.00772141 0.000364645 -0.010217 0.00112334 -0.00728229 0.00339176 -0.0104416 0.00453207
97 -0.00660634 0.00320155 -0.00736962 0.000398664 -0.00982139 0.00107909 -0.00735356 0.00327715 -0.0101449 0.00429918
98 -0.00649607 0.00309153 -0.00699948 0.000395457 -0.00943397 0.00101097 -0.00735067 0.00327554 -0.00987235 0.00402774
99 -0.00635701 0.00300682 -0.00669844 0.000435879 -0.00906256 0.000939039 -0.00741475 0.00324382 -0.00961189 0.00376944
100 -0.00623206 0.0028706 -0.0063584 0.000421238 -0.00872777 0.000905363 -0.0073866 0.00307196 -0.00929934 0.00359678
101 -0.00611303 0.00278735 -0.0060402 0.000396467 -0.00838117 0.000805587 -0.00732351 0.00309988 -0.00912296 0.0032878
102 -0.00598063 0.00268102 -0.00575047 0.000387689 -0.00804671 0.000761641 -0.00731071 0.00301003 -0.00884239 0.00305386
103 -0.00587429 0.00250049 -0.005427 0.00039595 -0.00771296 0.000731663 -0.00731087 0.00285108 -0.0086112 0.00280702
104 -0.00576767 0.00239349 -0.0051966 0.000411025 -0.00742996 0.000701274 -0.00730639 0.00276451 -0.00833761 0.00262475
105 -0.00565489 0.00228364 -0.00492249 0.000375096 -0.00717764 0.000667746 -0.00713066 0.00265937 -0.00825497 0.00241193
106 -0.00554992 0.00213298 -0.00472982 0.000357553 -0.00692364 0.000624244 -0.00719394 0.00250629 -0.0079465 0.00219081
107 -0.00543325 0.00200968 -0.00449503 0.000333744 -0.00669156 0.000564948 -0.00712848 0.00228567 -0.0078192 0.00206421
108 -0.0053354 0.00188198 -0.00431223 0.000296412 -0.00646005 0.000545494 -0.00715126 0.00219076 -0.00747424 0.00186219
109 -0.00524739 0.00168282 -0.00412261 0.000262102 -0.00632167 0.00045296 -0.00699027 0.00197059 -0.00742363 0.00170013
110 -0.00517032 0.00156516 -0.00396608 0.000238362 -0.00616235 0.000461266 -0.00694174 0.00179996 -0.00727473 0.00159082
111 -0.00504439 0.0014217 -0.00382381 0.000203543 -0.00597272 0.000411807 -0.00685723 0.00158751 -0.00702628 0.00144095
112 -0.00498427 0.00124402 -0.00368281 0.000150752 -0.00581737 0.000385022 -0.00685907 0.00125615 -0.00690246 0.00136104
113 -0.00488972 0.00107809 -0.00359561 0.000136445 -0.00569489 0.000385874 -0.00676368 0.00104614 -0.00681566 0.00119614
114 -0.00479169 0.000971111 -0.00348661 9.62186e-05 -0.005555 0.000356779 -0.00681128 0.000799725 -0.00652932 0.00112757
115 -0.00473506 0.000838493 -0.00341864 7.04377e-05 -0.00545641 0.000327979 -0.00672584 0.000624873 -0.00644919 0.0011133
116 -0.00466138 0.000689648 -0.00335653 4.57897e-06 -0.00535645 0.000280243 -0.006688 0.00032879 -0.00627353 0.000993643
117 -0.00458821 0.000538847 -0.00331214 5.744e-05 -0.00529712 0.000270865 -0.00674346 6.75007e-05 -0.00606923 0.000977513
118 -0.00452558 0.000380181 -0.00327459 5.34061e-05 -0.00521552 0.000253647 -0.00662087 0.000241105 -0.00593224 0.000915605
119 -0.00443746 0.000235455 -0.00325139 0.000142451 -0.00513545 0.000250887 -0.00658765 0.000517943 -0.00581548 0.000935651
120 -0.00438097 9.93984e-05 -0.00326036 0.000166116 -0.00509383 0.000209554 -0.00661126 0.000787406 -0.00556382 0.000849089
121 -0.00431936 7.38794e-05 -0.0032743 0.000228391 -0.00504344 0.000183012 -0.00667576 0.00111314 -0.00535359 0.000851932
122 -0.00426859 0.000220857 -0.00329117 0.000240166 -0.00498944 0.000151714 -0.00662495 0.00129557 -0.00515971 0.000711182
123 -0.00425082 0.000376947 -0.00333763 0.000312097 -0.00497024 0.000151379 -0.00667029 0.00169301 -0.00514794 0.00063987
124 -0.00417098 0.000504697 -0.00338768 0.000333682 -0.00492821 0.000135029 -0.00671188 0.00178142 -0.00485643 0.000553134
125 -0.00413568 0.000612575 -0.00343009 0.000406399 -0.00492508 9.46807e-05 -0.00668803 0.00206308 -0.00464527 0.000485524
126 -0.00411377 0.00072983 -0.00350153 0.000462927 -0.00490526 6.59104e-05 -0.00684377 0.002288 -0.00446109 0.000490057
127 -0.00407307 0.000857085 -0.00357478 0.000471917 -0.00488574 4.85828e-05 -0.00685083 0.00245528 -0.00426214 0.000366946
128 -0.00400702 0.000986681 -0.0036584 0.000528172 -0.00484582 1.4829e-05 -0.00685909 0.002674 -0.00410196 0.000198978
129 -0.00402607 0.00112119 -0.0037455 0.000589524 -0.00486238 4.58393e-05 -0.0070203 0.00295801 -0.00398618 0.000195246
130 -0.00403297 0.00124282 -0.00382918 0.000597969 -0.0048667 4.89641e-05 -0.0070198 0.00311081 -0.00382038 4.56089e-05
131 -0.00400508 0.00136996 -0.00393135 0.000662065 -0.00484523 2.50894e-05 -0.00710316 0.00321301 -0.00365727 0.000122877
132 -0.00400779 0.00144516 -0.00401866 0.000731153 -0.00484725 6.59448e-06 -0.00711232 0.00347868 -0.0034945 0.000183017
133 -0.00403448 0.00158441 -0.0041447 0.000771272 -0.00485479 2.87349e-05 -0.00726832 0.00354969 -0.00336907 0.000396611
134 -0.00402102 0.00162895 -0.00423672 0.000816833 -0.00484491 2.25371e-05 -0.00733384 0.00366675 -0.00328541 0.000422723
135 -0.00405456 0.00173888 -0.00438087 0.000890247 -0.00485648 5.93245e-05 -0.00741638 0.00373762 -0.00316481 0.000676914
136 -0.0041027 0.00183663 -0.00450234 0.00091446 -0.00489378 3.64352e-05 -0.00751526 0.00381402 -0.00309682 0.00078197
137 -0.00413563 0.00186767 -0.00460642 0.000945046 -0.00490955 3.92824e-05 -0.00759162 0.0038812 -0.00310797 0.000924065
138 -0.00418521 0.0019397 -0.00476363 0.000990418 -0.00488593 2.52478e-05 -0.00771178 0.00392863 -0.00304025 0.000974338
139 -0.00421734 0.00201573 -0.00486534 0.00105397 -0.00489335 8.28575e-06 -0.00777255 0.00398241 -0.00294218 0.00105016
140 -0.00429379 0.00201208 -0.00501191 0.001122 -0.00492901 3.11306e-05 -0.0079114 0.0039651 -0.00303757 0.00120237
141 -0.00432329 0.00210566 -0.00513708 0.00113159 -0.00492018 5.03677e-05 -0.00795245 0.00405846 -0.0030421 0.00128797
142 -0.00435484 0.00217872 -0.00524718 0.00119957 -0.00497068 4.3137e-05 -0.00796416 0.00409753 -0.00308517 0.00126813
143 -0.0044012 0.00221103 -0.00536856 0.00122043 -0.00501272 3.81739e-05 -0.00803345 0.00407857 -0.00301681 0.00135358
144 -0.00444945 0.00220186 -0.00549411 0.00124685 -0.00501403 2.9281e-05 -0.00801446 0.00405506 -0.00313348 0.00131954
145 -0.00445347 0.00222053 -0.00558675 0.00127465 -0.00506429 5.00041e-05 -0.00795684 0.00409048 -0.0031521 0.00134557
146 -0.00452663 0.00228914 -0.00571055 0.0012925 -0.00510211 3.5724e-05 -0.00799048 0.00406012 -0.0032251 0.00138509
147 -0.00452503 0.00226076 -0.00579535 0.00132887 -0.00512294 4.433e-05 -0.00798414 0.00414271 -0.00324281 0.00126704
148 -0.00454898 0.0022895 -0.00590877 0.00135563 -0.00516592 3.20792e-05 -0.00792907 0.00410309 -0.00331113 0.00130545
149 -0.00455673 0.00227599 -0.00603015 0.00135919 -0.00515598 2.32875e-05 -0.00789547 0.00402608 -0.0032953 0.00131835
150 -0.00461479 0.00223816 -0.00612662 0.00135528 -0.00526906 3.14443e-05 -0.00781208 0.0040324 -0.0035505 0.00114874
151 -0.00464199 0.0022477 -0.00625184 0.00133693 -0.00530668 3.49571e-05 -0.00780015 0.00399019 -0.00360725 0.00112834
152 -0.00462748 0.00221806 -0.00635393 0.00135095 -0.00535125 6.59534e-05 -0.00771859 0.00401931 -0.00372494 0.000958513
153 -0.00465923 0.00218491 -0.00644338 0.00136675 -0.0054233 6.68661e-05 -0.00762552 0.00396285 -0.00382532 0.000875178
154 -0.00467869 0.00216623 -0.00655291 0.00135552 -0.00545398 7.09089e-05 -0.00755725 0.00392894 -0.00395746 0.000803294
155 -0.00466844 0.00212698 -0.00663989 0.00133902 -0.00552255 6.97272e-05 -0.00746333 0.00390772 -0.00403946 0.000650247
156 -0.00470515 0.00203036 -0.00675348 0.00133553 -0.00560344 7.3171e-05 -0.00739854 0.00383126 -0.00422144 0.000444985
157 -0.00469449 0.0020205 -0.00684559 0.00133031 -0.0056015 9.06132e-05 -0.00735795 0.00385715 -0.00417466 0.000347708
158 -0.00473117 0.00194699 -0.00693992 0.00131214 -0.00572037 7.82952e-05 -0.00728761 0.00382579 -0.00445765 0.000168467
159 -0.00468309 0.00187697 -0.00703231 0.00131075 -0.00575336 0.000146834 -0.00718912 0.0037226 -0.00444728 8.59987e-05
160 -0.00471471 0.00179028 -0.00712529 0.00128661 -0.00582436 0.00014623 -0.00708198 0.00363381 -0.00458894 4.07755e-05
161 -0.00470306 0.001689 -0.00720379 0.00124932 -0.00587945 0.000136928 -0.0069852 0.00355403 -0.00464053 0.00020819
162 -0.0047476 0.00164035 -0.00729519 0.00124951 -0.0059462 0.000155834 -0.0069105 0.00350434 -0.00480902 0.000362681
163 -0.00471771 0.0015371 -0.00739182 0.00121061 -0.00599635 0.000175018 -0.00681174 0.00344736 -0.00482422 0.000481627
164 -0.00470055 0.00148649 -0.00747969 0.00120667 -0.00603735 0.000236793 -0.00673892 0.00339865 -0.00481992 0.000618364
165 -0.00469633 0.00135869 -0.00757206 0.00120102 -0.00611122 0.00025986 -0.00666888 0.00331787 -0.00494233 0.000706964
166 -0.00471685 0.00127377 -0.00764482 0.0011671 -0.0061705 0.000295233 -0.0065951 0.00318412 -0.00503015 0.000770411
167 -0.00471716 0.00120789 -0.00773199 0.00119002 -0.00621772 0.000336394 -0.00647814 0.00305163 -0.0050963 0.000776189
168 -0.00469198 0.00108501 -0.00779653 0.00115357 -0.00626593 0.000369915 -0.00638591 0.00288356 -0.00515043 0.000853495
169 -0.00466969 0.00099931 -0.00790079 0.00110954 -0.00634176 0.000400536 -0.00627257 0.0028001 -0.00516481 0.000908595
170 -0.00470971 0.000931946 -0.00793097 0.00107887 -0.00635875 0.000417468 -0.00620006 0.00272379 -0.00528061 0.000976322
171 -0.00470489 0.000877163 -0.0080177 0.00106062 -0.00641574 0.000483862 -0.00608755 0.00261648 -0.00535493 0.000985407
172 -0.0046924 0.000809477 -0.00808779 0.0010654 -0.00643786 0.00050647 -0.00600163 0.00253077 -0.00546235 0.00104134
173 -0.00470311 0.000714157 -0.00815041 0.00101644 -0.0065047 0.000560623 -0.0059083 0.00234546 -0.00543516 0.00101273
174 -0.00467994 0.00068123 -0.00821857 0.00100949 -0.00652326 0.00061288 -0.00586055 0.00222411 -0.00547672 0.000991039
175 -0.00468277 0.000607973 -0.00828828 0.000959999 -0.00653776 0.000651339 -0.00572984 0.00209653 -0.00549491 0.00104577
176 -0.00470313 0.000562435 -0.00833387 0.000931661 -0.0065718 0.000688523 -0.0056236 0.00194696 -0.0056942 0.00087895
177 -0.00468158 0.000529656 -0.00840232 0.000909206 -0.00658657 0.000750213 -0.00555245 0.00184462 -0.00559155 0.000825905
178 -0.00468637 0.000474336 -0.0084502 0.000873468 -0.00660648 0.000803677 -0.00552622 0.00165497 -0.00567148 0.000733741
179 -0.00470223 0.000446892 -0.00851775 0.000842339 -0.00662059 0.000870039 -0.00542935 0.00154029 -0.00574987 0.000613335
180 -0.00467279 0.00040574 -0.00856715 0.000791555 -0.00662598 0.000900091 -0.0053376 0.00136539 -0.00568616 0.000514779
181 -0.00469182 0.00039659 -0.00857208 0.000749389 -0.00663882 0.000918173 -0.0052746 0.0012224 -0.00573286 0.00044017
182 -0.00467731 0.000365123 -0.00862705 0.000715606 -0.00661596 0.00097272 -0.00512177 0.00105708 -0.00581748 0.000295663
183 -0.00465685 0.000314036 -0.00864436 0.00065627 -0.00659919 0.00100035 -0.00509887 0.000918036 -0.0058127 0.000217336
184 -0.00465203 0.000355115 -0.0086823 0.000604832 -0.00659619 0.00105172 -0.00496981 0.000773132 -0.00587633 1.4603e-05
185 -0.00462967 0.000323893 -0.0087354 0.00053426 -0.00660204 0.00108601 -0.00498791 0.000567332 -0.00583889 0.000118029
186 -0.00465612 0.000343718 -0.00872485 0.00048321 -0.00659244 0.00113301 -0.00485611 0.000509648 -0.00589859 0.000294397
187 -0.00465124 0.000330015 -0.00875042 0.000418133 -0.00654021 0.00116204 -0.00483846 0.000325728 -0.00583015 0.000393546
188 -0.00465288 0.000330876 -0.00877808 0.00036145 -0.00654723 0.00120436 -0.00476035 0.000147376 -0.00594921 0.00059422
189 -0.00464711 0.000342534 -0.00878556 0.000290829 -0.00650766 0.00121955 -0.00470499 2.136e-05 -0.00585144 0.000727052
190 -0.00464287 0.000348049 -0.00880276 0.000249945 -0.00648105 0.00127672 -0.00466469 0.000210729 -0.00592144 0.000930983
191 -0.00465787 0.000383588 -0.00880236 0.000169487 -0.00646312 0.00128186 -0.00464528 0.000427903 -0.00591095 0.00123601
192 -0.00465447 0.000406696 -0.00880778 9.99728e-05 -0.00644801 0.00134139 -0.00461231 0.000591765 -0.00589529 0.00154062
193 -0.00465321 0.000378024 -0.00880786 6.0171e-05 -0.0064217 0.00135108 -0.00456448 0.000759513 -0.00595353 0.00165434
194 -0.00466767 0.000402115 -0.00880489 2.44007e-05 -0.00636828 0.00139122 -0.00450498 0.000967166 -0.00597683 0.001901
195 -0.00469521 0.000394262 -0.00880312 5.84245e-05 -0.00635908 0.00144013 -0.00451557 0.00112988 -0.00602405 0.00203433
196 -0.00470858 0.000423638 -0.00878568 0.000100105 -0.0062864 0.00144037 -0.00451869 0.00126827 -0.00602808 0.00222793
197 -0.00470158 0.000437604 -0.0087593 0.000162809 -0.00625466 0.00147198 -0.00446434 0.00143207 -0.00602495 0.00247064
198 -0.0047239 0.000423924 -0.00873015 0.000192333 -0.00621459 0.00150071 -0.00442048 0.00164352 -0.00605366 0.00270054
199 -0.00472477 0.000415853 -0.00869169 0.000268144 -0.00618016 0.00153569 -0.00433499 0.00186367 -0.00614606 0.00283701
200 -0.00470106 0.00042433 -0.00867032 0.000320431 -0.00612102 0.00156748 -0.00432418 0.00214856 -0.00608451 0.00313075
201 -0.00474668 0.000383779 -0.00863331 0.000378667 -0.00608484 0.00158095 -0.00427538 0.0023339 -0.00617621 0.00328568
202 -0.00473082 0.000372315 -0.00856998 0.000389314 -0.00606765 0.00161073 -0.0042547 0.00248376 -0.00625446 0.00351947
203 -0.00471421 0.000369663 -0.00855911 0.000445076 -0.00601769 0.00163644 -0.00416993 0.00279104 -0.00625462 0.00378758
204 -0.00473495 0.000306168 -0.00850035 0.000467189 -0.00600385 0.00163921 -0.00421839 0.0030152 -0.00626993 0.00390633
205 -0.0047295 0.000277819 -0.00844464 0.000484224 -0.00599833 0.00168372 -0.0041693 0.00328356 -0.00631816 0.00412562
206 -0.00472132 0.000281363 -0.00839812 0.000505615 -0.00595653 0.00171196 -0.00410671 0.00344481 -0.00628971 0.00433703
207 -0.00473184 0.000239657 -0.00836004 0.000547589 -0.00596565 0.00173218 -0.00416452 0.00367489 -0.00644168 0.00438026
208 -0.0046871 0.000207084 -0.00827775 0.000584173 -0.00592371 0.00174864 -0.00403415 0.00399494 -0.00633165 0.00467337
209 -0.00469486 0.000176882 -0.00824173 0.000585812 -0.00593228 0.00179566 -0.00401298 0.00418454 -0.00640178 0.00484476
210 -0.00467161 0.0001283 -0.00818238 0.000601836 -0.00592252 0.00183663 -0.00392766 0.00442286 -0.00647957 0.00501205
211 -0.00466085 9.34121e-05 -0.00814533 0.000625683 -0.00589688 0.00185778 -0.00402024 0.0046777 -0.00637042 0.00521022
212 -0.00469796 5.26501e-05 -0.00808492 0.000602888 -0.00591481 0.00190255 -0.00406639 0.00491123 -0.00650289 0.00534303
213 -0.00464844 2.21748e-05 -0.00803569 0.000613305 -0.00588546 0.00194706 -0.00403637 0.00512176 -0.00638634 0.00547836
214 -0.00463449 6.40815e-05 -0.0079892 0.00060941 -0.00591282 0.00196588 -0.00404589 0.00529495 -0.00642144 0.00555477
215 -0.0046358 0.000107107 -0.00796857 0.000627202 -0.00592335 0.00198039 -0.00414307 0.00556105 -0.00631036 0.00568732
216 -0.00460299 0.000164648 -0.00794108 0.000604164 -0.00594591 0.0020001 -0.00409946 0.00568959 -0.00636177 0.00576984
217 -0.00458236 0.000191486 -0.00789247 0.000607493 -0.00593639 0.00202347 -0.00416815 0.00595245 -0.00618586 0.00586016
218 -0.00454224 0.000267144 -0.00785768 0.000600212 -0.00593191 0.00205532 -0.0042246 0.00610505 -0.00604979 0.00590316
219 -0.00454351 0.000282174 -0.00783295 0.000572285 -0.00595513 0.00210213 -0.00428008 0.00624077 -0.00601245 0.00597554
220 -0.00452037 0.000324914 -0.00784029 0.000563995 -0.00597397 0.0021482 -0.00432304 0.00641732 -0.00591047 0.00607243
221 -0.00450577 0.000369143 -0.00784061 0.000517937 -0.0059949 0.00215496 -0.00446868 0.00654694 -0.00577725 0.00609048
222 -0.00449798 0.00038528 -0.00779978 0.00050703 -0.00601989 0.00218 -0.00458868 0.00667772 -0.00566406 0.00620528
223 -0.00449525 0.000440709 -0.00778928 0.000488337 -0.00605649 0.00217731 -0.00466326 0.00683187 -0.0056548 0.00624503
224 -0.00447139 0.00046319 -0.00780496 0.000442722 -0.00608282 0.00218699 -0.00479786 0.00694204 -0.00547906 0.00623267
225 -0.00443384 0.000478992 -0.00779666 0.000415273 -0.00608344 0.00220089 -0.0049237 0.00704046 -0.00526031 0.00629284
226 -0.00441053 0.000499844 -0.0077686 0.000370337 -0.00611843 0.00221183 -0.00496261 0.00713318 -0.00514234 0.00630716
227 -0.00443899 0.000520498 -0.00778032 0.00034418 -0.00611845 0.0022103 -0.0051613 0.00719017 -0.00506284 0.00632984
228 -0.004421 0.000550167 -0.00776762 0.000307204 -0.00614176 0.00219564 -0.00531854 0.00720768 -0.00482078 0.00629749
229 -0.00442487 0.00057686 -0.0077654 0.000265795 -0.00618478 0.00218874 -0.00549747 0.00731921 -0.00466426 0.00630196
230 -0.00440002 0.000573056 -0.00778206 0.000217411 -0.00619494 0.00217846 -0.00560979 0.00731924 -0.00443132 0.00627675
231 -0.00444362 0.000541918 -0.00779179 0.000154426 -0.0062194 0.00219402 -0.00584235 0.00729688 -0.00420481 0.00627239
232 -0.00442739 0.000547139 -0.00776322 0.000158605 -0.006295 0.00215975 -0.00595972 0.0072805 -0.00414535 0.00626038
233 -0.0044193 0.000543572 -0.00780705 8.88978e-05 -0.00634014 0.00213198 -0.00614463 0.00725772 -0.00395037 0.00627453
234 -0.0044536 0.000550298 -0.00781096 2.31403e-05 -0.00634539 0.0021193 -0.00637013 0.00719707 -0.00374709 0.00618344
235 -0.00447047 0.000529451 -0.00781136 9.56723e-06 -0.00640479 0.00209441 -0.00651432 0.00716042 -0.00360976 0.00620752
236 -0.00448218 0.000485904 -0.00784157 5.39593e-05 -0.00644403 0.0020644 -0.00671701 0.00710016 -0.00350013 0.00621958
237 -0.00454181 0.0004961 -0.00786743 8.56451e-05 -0.00647385 0.00203803 -0.0069012 0.00706606 -0.00334978 0.00616446
238 -0.00455224 0.00049082 -0.00789575 0.000138176 -0.00652433 0.00201188 -0.00709612 0.0069909 -0.0032103 0.00617111
239 -0.00458694 0.000451904 -0.00790777 0.000144052 -0.00656461 0.00195647 -0.00732337 0.00690307 -0.00308943 0.00614756
240 -0.00465342 0.000418278 -0.00793228 0.000196287 -0.00660481 0.0019264 -0.0075133 0.00682413 -0.00294885 0.00611589
241 -0.00469451 0.000398315 -0.00794026 0.00023292 -0.00666145 0.00188994 -0.00770042 0.00667976 -0.0028835 0.00605316
242 -0.00470439 0.000355007 -0.00796926 0.000258337 -0.00670296 0.00183427 -0.00783538 0.00657743 -0.00277883 0.00601267
243 -0.00475967 0.000317351 -0.00799926 0.000294345 -0.00674117 0.00180814 -0.00798603 0.00649964 -0.0026798 0.00607216
244 -0.00476515 0.000277564 -0.00800333 0.000306394 -0.00677156 0.00176736 -0.0081447 0.00639696 -0.00259442 0.00602714
245 -0.004836 0.000249052 -0.00803663 0.000341475 -0.00683411 0.00170004 -0.00832018 0.00626901 -0.00262127 0.00602898
246 -0.00482866 0.000233394 -0.00804093 0.000351156 -0.00687088 0.00164879 -0.00839307 0.00612894 -0.00246633 0.0059842
247 -0.00487386 0.000209089 -0.00806255 0.00035069 -0.0069167 0.00158765 -0.00846218 0.0060542 -0.00243367 0.00596455
248 -0.00491005 0.000175814 -0.00808146 0.000362848 -0.00694496 0.00151305 -0.00862569 0.00592339 -0.00237767 0.00583351
249 -0.00491618 0.000136191 -0.00809598 0.000376559 -0.00698664 0.00144769 -0.00874537 0.00576414 -0.00234743 0.00579245
250 -0.0049214 0.000126629 -0.00809587 0.000384606 -0.00699473 0.00137744 -0.00879286 0.00567068 -0.00226063 0.00575792
251 -0.00492133 4.18916e-05 -0.0080757 0.000395326 -0.00702796 0.0013245 -0.00885945 0.00542358 -0.00220013 0.00572251
252 -0.00494652 1.01671e-05 -0.00805001 0.000415398 -0.00704017 0.00126978 -0.00886749 0.00528228 -0.00216408 0.00563104
253 -0.00494307 3.34648e-05 -0.00805777 0.000415358 -0.00704744 0.0012022 -0.00894523 0.00513779 -0.00209199 0.00545854
254 -0.00495818 4.50728e-05 -0.00803471 0.000402658 -0.00706349 0.00111362 -0.00901318 0.00495588 -0.00204449 0.0054157
255 -0.00491071 0.000106528 -0.00798066 0.000405512 -0.0070288 0.00103634 -0.00899184 0.00477769 -0.00190854 0.00536381
256 -0.00492404 0.000138342 -0.00790975 0.000391168 -0.00699999 0.000944049 -0.00897122 0.00456608 -0.00196586 0.00527187
257 -0.00488325 0.000172233 -0.0078538 0.00038675 -0.00697269 0.000861826 -0.0089733 0.00437041 -0.00178389 0.00517127
258 -0.00485433 0.000189203 -0.00777479 0.000376952 -0.00692867 0.000770843 -0.00890242 0.00418543 -0.00179048 0.00504626
259 -0.00481076 0.000225636 -0.00764893 0.000364046 -0.00687469 0.000690741 -0.00884028 0.00394778 -0.00168734 0.00492236
260 -0.00476168 0.000277125 -0.00756463 0.00035359 -0.0067815 0.000595211 -0.00883504 0.00374473 -0.0015307 0.00479978
261 -0.004672 0.000314639 -0.00739592 0.000335444 -0.00666607 0.000507084 -0.00867748 0.00352029 -0.00146165 0.00470951
262 -0.00457923 0.000349349 -0.00723878 0.000317068 -0.00656531 0.00038595 -0.00855798 0.00323762 -0.00132765 0.00455384
263 -0.00449235 0.000382551 -0.00703964 0.000292083 -0.00639886 0.000297708 -0.00841004 0.00300623 -0.001261 0.00433838
264 -0.00438628 0.000437275 -0.00679742 0.000255027 -0.00624766 0.000206289 -0.00823255 0.00277936 -0.00112897 0.0042218
265 -0.00424986 0.000483299 -0.00656299 0.000226034 -0.00602886 0.000109173 -0.00808652 0.00254842 -0.000972917 0.00410679
266 -0.00409316 0.000498229 -0.00628301 0.00017759 -0.00580227 1.24621e-05 -0.00783385 0.00234375 -0.000798969 0.00402643
267 -0.00392011 0.000575512 -0.00595391 0.00016244 -0.00551997 9.49284e-05 -0.00759507 0.0020297 -0.000556352 0.00384006
268 -0.00373323 0.000600503 -0.00558518 0.000131974 -0.00521323 0.000194045 -0.00732728 0.00181859 -0.000393807 0.00360552
269 -0.00350015 0.000625969 -0.00518307 8.08257e-05 -0.00485477 0.000314523 -0.00701408 0.0016394 -0.000130009 0.00349316
270 -0.00324582 0.000671631 -0.00472316 3.48998e-05 -0.00444705 0.000428606 -0.00664023 0.0014047 0.00011824 0.00335507
271 -0.00296079 0.000708138 -0.00422294 2.49948e-05 -0.00400789 0.0005432 -0.00624269 0.00115516 0.000411095 0.00320321
272 -0.00264925 0.000737899 -0.0036438 6.33109e-05 -0.00352003 0.000639509 -0.00577614 0.000948052 0.000635196 0.00297755
273 -0.00228767 0.000768234 -0.00301565 0.000116061 -0.00295448 0.000727954 -0.00528064 0.00068298 0.000995143 0.00281074
274 -0.00190933 0.000804002 -0.0023218 0.00016773 -0.00236742 0.000839519 -0.00469779 0.000496831 0.00135236 0.00262583
275 -0.00145211 0.000857951 -0.00157169 0.000231265 -0.00169637 0.000932175 -0.00410689 0.000279232 0.0018133 0.00247201
276 -0.000988998 0.000902501 -0.000723593 0.000300005 -0.000957963 0.00100821 -0.00338853 8.07453e-05 0.00219999 0.00238088
277 -0.000456782 0.000919612 0.000172254 0.000369197 -0.000171557 0.00112215 -0.00263395 9.289e-05 0.00273876 0.00223447
278 0.000123364 0.000951678 0.00111823 0.000420454 0.000699251 0.00122411 -0.00185098 0.000276153 0.00331496 0.00206139
279 0.000763691 0.000972726 0.00219101 0.000495457 0.00165322 0.00128267 -0.000950032 0.000422658 0.00393789 0.00196241
280 0.00144525 0.00100531 0.00333242 0.000570652 0.00265439 0.00138485 8.45393e-05 0.000635766 0.00449426 0.00171618
281 0.00221773 0.00104105 0.00456408 0.00062233 0.00375712 0.00144474 0.00116663 0.000746101 0.00527149 0.00162318
282 0.00303748 0.00103986 0.00589317 0.000703298 0.00492402 0.00152079 0.00230835 0.000840026 0.0060651 0.001543
283 0.00394354 0.00104775 0.00731371 0.000756102 0.0061951 0.00158954 0.00366364 0.00101083 0.00689344 0.00139304
284 0.00490953 0.00107609 0.00882327 0.00082655 0.00754848 0.0016546 0.00503642 0.00109366 0.00789453 0.00128476
285 0.00595608 0.00108649 0.0104137 0.000867226 0.0089378 0.00170458 0.0065014 0.00124621 0.00887914 0.00116725
286 0.0070857 0.00109321 0.012084 0.000919216 0.0104315 0.00175369 0.00810836 0.00132516 0.0100122 0.00106871
287 0.00828448 0.00111006 0.0138553 0.000989792 0.0120019 0.00179661 0.00985558 0.00140708 0.0112193 0.00100065
288 0.00958146 0.00113948 0.0157038 0.00102282 0.013652 0.00183922 0.0117273 0.00145031 0.0125336 0.000902586
289 0.0109339 0.00111035 0.0176075 0.00108956 0.0153481 0.0018679 0.0136493 0.00148407 0.0139002 0.000879519
290 0.0124106 0.00112378 0.0196108 0.00110742 0.0170857 0.00193001 0.0157383 0.00163184 0.0154028 0.000744347
291 0.0139229 0.00110624 0.0216649 0.00115977 0.018903 0.00195551 0.0179516 0.00154362 0.0168702 0.000757078
292 0.0154951 0.00111707 0.0237281 0.00119953 0.0207035 0.00198509 0.0202049 0.00164655 0.0184266 0.00068263
293 0.0171315 0.00110174 0.0258702 0.00121176 0.0225777 0.00199307 0.0225704 0.00165189 0.0200773 0.000575294
294 0.018819 0.00110235 0.0280157 0.00126161 0.024432 0.00201529 0.0249448 0.00166367 0.0217699 0.000588117
295 0.0205029 0.00110622 0.0301615 0.00127636 0.0262888 0.00202848 0.0273879 0.00174154 0.0234438 0.000513838
296 0.0222371 0.00106564 0.0322942 0.00130279 0.0281176 0.00205082 0.0298657 0.00170763 0.0251041 0.000478265
297 0.0238956 0.00107638 0.0343699 0.00130505 0.0299183 0.00207749 0.0322967 0.00179309 0.0267232 0.000361028
298 0.025542 0.00103461 0.0364333 0.0013177 0.0316956 0.00206411 0.034636 0.00177266 0.0284139 0.000297507
299 0.0270965 0.00104923 0.0383776 0.00131433 0.0333642 0.00205728 0.0369392 0.00178564 0.0298902 0.000306357
300 0.0258081 0.001061 0.0366977 0.00131739 0.0319086 0.00206515 0.0352742 0.00181453 0.0283566 0.00026829
301 0.0243257 0.00106965 0.0348708 0.00132403 0.0302824 0.00206515 0.033426 0.00186151 0.0264989 0.000307606
302 0.0228279 0.00105666 0.0329746 0.00132925 0.0286525 0.00207063 0.0314672 0.00192378 0.0247054 0.000289936
303 0.0212441 0.00109888 0.0309603 0.0013157 0.0269247 0.00208567 0.0293928 0.00196242 0.0228598 0.000235133
304 0.0196667 0.00108847 0.0289529 0.0013129 0.0251747 0.00205832 0.0273969 0.00200184 0.0210012 0.000162922
305 0.0180345 0.0011305 0.0269062 0.00128648 0.0234065 0.00203745 0.0253018 0.00210752 0.0190033 0.000152577
306 0.016456 0.00112559 0.0248577 0.00127275 0.0216206 0.00202244 0.0232593 0.0022036 0.0171363 7.00185e-05
307 0.014887 0.00112531 0.0228186 0.00122367 0.0198497 0.00199928 0.0212571 0.0022558 0.0153273 1.66273e-06
308 0.0133752 0.00114056 0.0207942 0.00121112 0.0180669 0.00199226 0.0193032 0.00235092 0.0134466 4.25906e-05
309 0.01193 0.00112972 0.0188568 0.00117305 0.0163657 0.00196101 0.0174642 0.00244231 0.0117663 0.000178231
310 0.0105477 0.00114583 0.0169351 0.00112117 0.0146538 0.0019386 0.0157278 0.00254646 0.0100313 0.000264076
311 0.00919956 0.00113448 0.0150654 0.00110414 0.0130261 0.00187505 0.0140654 0.00265106 0.00839211 0.000411547
312 0.00797028 0.00116368 0.0132966 0.001037 0.0114428 0.00184528 0.0125144 0.00279653 0.00687485 0.000448308
313 0.00679638 0.00113064 0.011587 0.00100474 0.00990947 0.00180124 0.011107 0.00281329 0.00540828 0.000612106
314 0.00571311 0.00111543 0.00995198 0.000935496 0.00845764 0.00175924 0.00972221 0.00291874 0.00413821 0.000686865
315 0.0046918 0.00110974 0.00841683 0.000884048 0.00707927 0.00170929 0.00847504 0.00304423 0.00285876 0.000832919
316 0.00375381 0.00109752 0.00696088 0.000843172 0.00580445 0.00165871 0.00734443 0.00315692 0.00172666 0.00106697
317 0.00288361 0.00107001 0.00557895 0.000773847 0.00456682 0.00159281 0.00627025 0.0031989 0.000698776 0.00114745
318 0.00206891 0.00106055 0.00428521 0.000720957 0.00340842 0.00152319 0.00526258 0.00336868 -0.000281703 0.00137569
319 0.00133615 0.00106035 0.00307752 0.000640785 0.00235024 0.00144616 0.00441047 0.00348722 -0.00117206 0.00149541
320 0.000643596 0.00102644 0.00196163 0.000587954 0.00135355 0.00138564 0.0035778 0.00357701 -0.0019016 0.00161865
321 3.61985e-05 0.000991706 0.000932876 0.000514193 0.000451702 0.00128274 0.00283027 0.00363574 -0.00262378 0.001824
322 -0.000534445 0.000971863 -3.32007e-05 0.000438611 -0.000404671 0.00122412 0.0021096 0.00379844 -0.00326151 0.00202942
323 -0.00105062 0.000937965 -0.000878471 0.000387557 -0.00118352 0.00112236 0.00153936 0.00383077 -0.00395666 0.00218484
324 -0.00152653 0.000917333 -0.0016796 0.000318064 -0.00188115 0.00100637 0.000991871 0.00386924 -0.00447719 0.00224966
325 -0.00193327 0.000874436 -0.00243706 0.000249127 -0.00253757 0.000931011 0.000455095 0.00404016 -0.00492388 0.00246344
326 -0.00234422 0.000820085 -0.00310328 0.000186784 -0.00312959 0.000838884 -4.76014e-05 0.00405358 -0.00535557 0.00257528
327 -0.00267633 0.000783691 -0.00371822 0.000133819 -0.00364513 0.000726344 -0.000486559 0.0040746 -0.00573427 0.00269963
328 -0.0029959 0.000753786 -0.00427348 8.05449e-05 -0.00414156 0.000636243 -0.000885878 0.00415437 -0.00606509 0.00283257
329 -0.00326798 0.000721958 -0.00478481 4.28795e-05 -0.00456463 0.000542177 -0.00128028 0.00421146 -0.0062995 0.00299257
330 -0.00351957 0.00068289 -0.00522187 1.69717e-05 -0.00494195 0.000426671 -0.00160002 0.00425909 -0.00654123 0.00311959
331 -0.00374133 0.000637034 -0.00562497 6.16735e-05 -0.00529468 0.000312916 -0.00191647 0.00423991 -0.00677474 0.00315645
332 -0.00394471 0.000612628 -0.00597396 0.000115882 -0.00560146 0.000192816 -0.00219876 0.00426638 -0.00697007 0.00328463
333 -0.00410564 0.000584082 -0.00629321 0.000143907 -0.0058598 9.40524e-05 -0.00239983 0.00424245 -0.00713488 0.00327098
334 -0.00424911 0.000507421 -0.00657637 0.000160403 -0.00609514 1.375e-05 -0.00260447 0.0041958 -0.00726196 0.00333574
335 -0.00438663 0.000489326 -0.00681523 0.00020732 -0.00628048 0.000110777 -0.00285389 0.00423875 -0.00735409 0.00341114
336 -0.00450209 0.000445143 -0.00701202 0.000235428 -0.00646257 0.000205194 -0.00307396 0.00417062 -0.00747772 0.00341087
337 -0.00458759 0.000389294 -0.00722093 0.000273278 -0.00657796 0.000298983 -0.00327541 0.00416815 -0.00746672 0.00347372
338 -0.00465658 0.000354408 -0.00738753 0.000294256 -0.00670996 0.000384783 -0.00346117 0.00411462 -0.00746281 0.00347512
339 -0.00473761 0.000318842 -0.00751691 0.000311825 -0.00678189 0.000506414 -0.00365544 0.00402888 -0.00748154 0.00343272
340 -0.00481167 0.000283288 -0.00766045 0.00033016 -0.00686906 0.000596206 -0.00384206 0.00395281 -0.0075248 0.00341241
341 -0.0048478 0.000227732 -0.0077211 0.000339574 -0.00693888 0.000691252 -0.00394005 0.00388237 -0.00742888 0.00340418
342 -0.00488087 0.00019332 -0.00782774 0.000350408 -0.00697103 0.000770239 -0.0041473 0.00383566 -0.00744789 0.00344655
343 -0.00490108 0.000176109 -0.00788782 0.000357624 -0.00699465 0.00086327 -0.00426277 0.00372848 -0.00738235 0.00335193
344 -0.0049315 0.000143094 -0.00792761 0.000362298 -0.00700317 0.000945112 -0.00436397 0.00360815 -0.00731263 0.00320293
345 -0.00491038 0.000109076 -0.00798289 0.000374472 -0.00701593 0.00103559 -0.00451554 0.00349209 -0.00724327 0.00311005
346 -0.00495054 5.00055e-05 -0.00802496 0.00037036 -0.00703617 0.00111728 -0.00463167 0.00331568 -0.00720878 0.00302254
347 -0.00492952 2.90463e-05 -0.00803537 0.000380514 -0.00700732 0.0012028 -0.00473963 0.00324872 -0.00699334 0.00293302
348 -0.00492804 3.45948e-06 -0.00801915 0.000379001 -0.00698778 0.00127276 -0.004821 0.00312149 -0.00697611 0.00284421
349 -0.0048994 3.35028e-05 -0.00803675 0.000359024 -0.00696648 0.00132923 -0.00492471 0.00295635 -0.00679017 0.00267336
350 -0.00489325 0.000115812 -0.0080488 0.00034706 -0.00692256 0.00138246 -0.0050615 0.00280449 -0.00668642 0.00261115
351 -0.00488723 0.000127013 -0.00804481 0.000338873 -0.0069113 0.00145208 -0.00514912 0.00261108 -0.00657126 0.00241778
352 -0.00487817 0.000164498 -0.00802479 0.000323318 -0.00686298 0.00151773 -0.0053083 0.0024365 -0.00645298 0.00233485
353 -0.00484012 0.000194931 -0.00800335 0.000308969 -0.00682962 0.00159588 -0.00540337 0.00223296 -0.0062699 0.00219585
354 -0.0047943 0.00021738 -0.00797951 0.000310355 -0.0067802 0.00165659 -0.00548555 0.00210021 -0.00607841 0.00206986
355 -0.00480129 0.000232544 -0.00797456 0.000299734 -0.00674088 0.001709 -0.00569572 0.00192704 -0.0059303 0.00187327
356 -0.00472819 0.0002585 -0.00794008 0.00026233 -0.00667737 0.00177779 -0.00572295 0.00175616 -0.00571135 0.00169894
357 -0.00472467 0.000297731 -0.00793824 0.000251076 -0.00664517 0.00182162 -0.00590244 0.00152656 -0.00551912 0.00154762
358 -0.00467228 0.00033677 -0.00790962 0.000211177 -0.00660678 0.00184522 -0.00602072 0.00133733 -0.00542168 0.00146448
359 -0.00465932 0.000378845 -0.00788261 0.000187925 -0.00656585 0.0019041 -0.00618828 0.00114296 -0.00524261 0.00134157
360 -0.00461929 0.00039668 -0.00787637 0.000150596 -0.00650689 0.00194024 -0.00628986 0.000930578 -0.00506356 0.00114227
361 -0.00455777 0.000429955 -0.00785599 9.71099e-05 -0.00647132 0.00197184 -0.00641633 0.000748039 -0.00483667 0.00102528
362 -0.00452461 0.000466698 -0.00784529 9.23997e-05 -0.00643218 0.00202851 -0.00655141 0.000557324 -0.00467191 0.000942757
363 -0.00451357 0.00047103 -0.00782142 3.90023e-05 -0.00638343 0.00205483 -0.00678452 0.000384768 -0.00441567 0.000738338
364 -0.00445979 0.000460952 -0.00779859 8.43429e-06 -0.0063553 0.0020839 -0.00687133 0.000229847 -0.0043081 0.000632333
365 -0.0044488 0.000505474 -0.00777402 3.80343e-05 -0.00632139 0.00211309 -0.00706726 3.17704e-05 -0.0041012 0.000429582
366 -0.00443476 0.000523812 -0.00777704 6.97436e-05 -0.00626406 0.00214009 -0.00721388 0.000125537 -0.00387992 0.000356668
367 -0.00440168 0.000515804 -0.00777742 0.000135214 -0.00626064 0.00215282 -0.00742807 0.000336212 -0.00367527 0.000173441
368 -0.00441257 0.000520121 -0.00773939 0.000205006 -0.00622162 0.00217982 -0.00758138 0.000497544 -0.00353187 5.68331e-05
369 -0.00443137 0.000515809 -0.00777148 0.000200146 -0.00614897 0.00221466 -0.00782687 0.00062451 -0.00330727 0.000160134
370 -0.00438765 0.000545038 -0.0077652 0.000262819 -0.00612808 0.00219923 -0.00804606 0.000763833 -0.00300467 0.000277511
371 -0.00441508 0.000548737 -0.00775339 0.000309871 -0.00612341 0.00220817 -0.00817015 0.000920707 -0.0029181 0.000345356
372 -0.00441245 0.00052235 -0.00775913 0.000352229 -0.00608405 0.00221554 -0.00839427 0.00109656 -0.00270453 0.000569037
373 -0.00443626 0.000493099 -0.00777929 0.000387337 -0.0060686 0.00223015 -0.00861667 0.00117187 -0.0025484 0.000701999
374 -0.00440666 0.000471422 -0.00777046 0.000411417 -0.00607207 0.00223007 -0.00880447 0.00126985 -0.00230272 0.000820676
375 -0.00443264 0.000451538 -0.00780369 0.000454518 -0.00604314 0.00221745 -0.00900177 0.0013465 -0.00210156 0.000942284
376 -0.00447139 0.000434861 -0.00781757 0.000482209 -0.00604658 0.00220209 -0.0092089 0.00147987 -0.00197225 0.00116448
377 -0.0044977 0.000413984 -0.00780598 0.000525394 -0.00602564 0.00219538 -0.00941045 0.00159327 -0.00181324 0.00135942
378 -0.00450143 0.000359506 -0.00781954 0.000543694 -0.00599355 0.00219571 -0.00963442 0.00162893 -0.00161866 0.00141306
379 -0.00450901 0.000344753 -0.0078632 0.000552533 -0.00597327 0.00216804 -0.00981753 0.00176431 -0.00139485 0.00159972
380 -0.00452505 0.000299316 -0.00786883 0.000594573 -0.0059586 0.00216063 -0.0100349 0.00180598 -0.00120222 0.00178518
381 -0.00454881 0.000258136 -0.00786061 0.00060184 -0.00594447 0.00211229 -0.0101836 0.00183044 -0.00107646 0.00187375
382 -0.00454866 0.000241285 -0.00789236 0.000626495 -0.00592674 0.00206792 -0.0103849 0.00191606 -0.00087851 0.00199835
383 -0.00459083 0.00016548 -0.00793104 0.000631871 -0.00593408 0.00203292 -0.0105879 0.00189398 -0.000770377 0.00212414
384 -0.00461435 0.000142429 -0.00798323 0.000624201 -0.00595128 0.00200994 -0.010743 0.00194516 -0.000611721 0.00221554
385 -0.00464676 8.43835e-05 -0.00801609 0.000647641 -0.00593266 0.00199093 -0.0109166 0.00194531 -0.000508339 0.00232474
386 -0.00464636 4.37696e-05 -0.00803954 0.000626395 -0.00592551 0.00197362 -0.0110876 0.00203251 -0.000336954 0.00250196
387 -0.0046617 1.98296e-06 -0.00808849 0.000626088 -0.00590052 0.00195517 -0.0112242 0.00203713 -0.000142942 0.00257339
388 -0.00471022 6.92286e-05 -0.00814282 0.00061326 -0.00593622 0.00191279 -0.0114224 0.00201673 -0.000139332 0.00270969
389 -0.00467591 0.00010858 -0.00820709 0.000631977 -0.00592156 0.00186236 -0.011535 0.00202755 4.51098e-05 0.00281146
390 -0.00468975 0.000143393 -0.00824867 0.000605059 -0.00595067 0.00184175 -0.0116276 0.00200974 9.13956e-05 0.00293072
391 -0.00471064 0.000190689 -0.00831016 0.000585039 -0.00596408 0.00180421 -0.0117325 0.00195254 0.000183517 0.00291989
392 -0.00470661 0.000221157 -0.00835068 0.000581826 -0.0059573 0.0017527 -0.0118145 0.00197269 0.000224704 0.00307091
393 -0.00475095 0.000254396 -0.00843466 0.000543055 -0.00600036 0.00173735 -0.0118957 0.00190284 0.000195932 0.00309229
394 -0.00474113 0.000293969 -0.00847755 0.000499979 -0.00599617 0.00171546 -0.0119499 0.00189739 0.000299643 0.00307112
395 -0.00474609 0.000290777 -0.00852577 0.000473391 -0.00603905 0.00168745 -0.0119824 0.00187748 0.000229436 0.00316188
396 -0.00475481 0.000319943 -0.0085816 0.00045555 -0.0060453 0.00164148 -0.0120451 0.00187725 0.000293024 0.00306898
397 -0.00473237 0.000382661 -0.00864429 0.00043147 -0.00606101 0.0016392 -0.0120675 0.00185392 0.00024774 0.00314477
398 -0.00475133 0.000383876 -0.00865618 0.000374675 -0.006112 0.00161421 -0.0120532 0.00179521 0.000331158 0.00309672
399 -0.00476645 0.000395897 -0.00872142 0.000362818 -0.00612906 0.00158409 -0.0120148 0.00172696 0.000232029 0.00303603
400 -0.00471887 0.000433112 -0.0087589 0.00030556 -0.00616467 0.0015708 -0.0120088 0.00166129 0.000245127 0.00314804
401 -0.00474359 0.000426527 -0.00878233 0.000250913 -0.00622384 0.00153973 -0.0119739 0.00165316 7.60892e-05 0.00308664
402 -0.00474156 0.000434477 -0.00882088 0.000176586 -0.00625624 0.00150323 -0.0119086 0.00157388 2.67156e-05 0.00298578
403 -0.00471543 0.000447221 -0.00885022 0.000145352 -0.00629668 0.00147302 -0.0118337 0.00151121 3.0685e-05 0.00290743
404 -0.00472437 0.000437258 -0.00887466 8.09902e-05 -0.00632675 0.00144398 -0.0117527 0.00144311 -0.000165152 0.00291758
405 -0.00471064 0.000403216 -0.00889398 4.17067e-05 -0.0063964 0.00144064 -0.0116434 0.00146278 -0.000251208 0.00285485
406 -0.00468158 0.000414585 -0.00889356 6.65952e-06 -0.00640361 0.00139417 -0.0115677 0.00136824 -0.00029988 0.0026961
407 -0.00466966 0.000389123 -0.00889649 7.84795e-05 -0.00645665 0.00135019 -0.0114734 0.00132853 -0.000370703 0.002599
408 -0.00466908 0.00042033 -0.0088924 0.000116134 -0.00647917 0.00134258 -0.0113047 0.00117175 -0.000576037 0.00250117
409 -0.0046705 0.0003965 -0.00888384 0.000188153 -0.00649258 0.00128132 -0.0112305 0.00104562 -0.000617162 0.00236851
410 -0.0046549 0.000365328 -0.00888341 0.000267714 -0.00650493 0.00127431 -0.0111269 0.00100115 -0.000713661 0.00230009
411 -0.00465816 0.000359599 -0.00885963 0.000308236 -0.00652949 0.00121635 -0.0110644 0.000928846 -0.00074731 0.00216517
412 -0.00466505 0.000346519 -0.00885093 0.0003775 -0.00656667 0.00120196 -0.0108769 0.000853638 -0.000986053 0.00214834
413 -0.00466301 0.000348334 -0.00881984 0.000434238 -0.00655666 0.00115745 -0.0107761 0.000739473 -0.00106733 0.00201676
414 -0.00466738 0.000362921 -0.00878927 0.000499148 -0.00660297 0.00112773 -0.0106881 0.000604029 -0.00118462 0.00190309
415 -0.00463891 0.000347236 -0.0087971 0.000552628 -0.00660767 0.00107855 -0.010574 0.00049973 -0.00126891 0.00180703
416 -0.00466027 0.000379788 -0.00873961 0.000619309 -0.00660048 0.00104257 -0.0104297 0.000320293 -0.0014429 0.00165143
417 -0.00466309 0.000337399 -0.00869608 0.000670627 -0.00660133 0.000992987 -0.0103552 0.000303481 -0.00155172 0.00153112
418 -0.00468258 0.000388377 -0.00867408 0.000728985 -0.00661116 0.000962218 -0.0102963 0.000124813 -0.00167656 0.00144713
419 -0.00469547 0.000419817 -0.00861322 0.000762391 -0.00662728 0.000910543 -0.0100639 1.07432e-05 -0.00184231 0.00140984
420 -0.004678 0.000432016 -0.00860365 0.000806866 -0.00661203 0.000888574 -0.0100043 0.000169121 -0.0018736 0.0013087
421 -0.00470458 0.000474181 -0.00854884 0.000856354 -0.00660426 0.000861938 -0.00989241 0.00028384 -0.00210412 0.00125982
422 -0.00468825 0.000500011 -0.00847527 0.000885448 -0.00658778 0.000794507 -0.00980572 0.000436657 -0.0021301 0.00118253
423 -0.00468314 0.000557219 -0.00842256 0.000920252 -0.00656467 0.00074275 -0.00966339 0.00061065 -0.00225396 0.00107717
424 -0.00470217 0.000589177 -0.00834791 0.000941639 -0.00654426 0.000682506 -0.00957349 0.000689041 -0.0022649 0.001088
425 -0.00467936 0.000635505 -0.00829632 0.000968631 -0.00650543 0.000644589 -0.00949361 0.000823427 -0.0023981 0.00105152
426 -0.00467714 0.000711519 -0.00822313 0.00101595 -0.00648901 0.000607288 -0.00935334 0.00109658 -0.00255429 0.000899545
427 -0.00469761 0.0007458 -0.00814701 0.00102387 -0.00646657 0.000553512 -0.00922287 0.00123843 -0.00272976 0.000758783
428 -0.0046856 0.00084397 -0.00807886 0.0010716 -0.00639834 0.000501442 -0.00914791 0.0014476 -0.00273166 0.000766888
429 -0.00469539 0.000910507 -0.0080004 0.00106591 -0.00637104 0.000482206 -0.00907277 0.00157965 -0.00289465 0.000806252
430 -0.00469626 0.000968764 -0.0079094 0.00108265 -0.00631031 0.000421663 -0.00894821 0.00180916 -0.00303453 0.000694541
431 -0.00465976 0.00103505 -0.00787539 0.0011145 -0.00629039 0.00040725 -0.00880744 0.0020562 -0.00310525 0.000530343
432 -0.00467684 0.001124 -0.00776445 0.0011567 -0.00621196 0.000377224 -0.00875847 0.00220453 -0.00318966 0.000497761
433 -0.00470081 0.00124632 -0.00769268 0.00119018 -0.00616017 0.000345501 -0.00864373 0.00246127 -0.00346053 0.000476734
434 -0.00469788 0.00131274 -0.00760298 0.00116838 -0.00611163 0.00030532 -0.00858625 0.00258784 -0.00346499 0.000465417
435 -0.00467742 0.00140118 -0.00752255 0.00119935 -0.00605035 0.000272859 -0.00843811 0.00280573 -0.00353769 0.000430291
436 -0.00467772 0.00153166 -0.00742737 0.00120623 -0.00597216 0.000252577 -0.00835628 0.00301164 -0.00364369 0.000518852
437 -0.0046954 0.00158282 -0.00733669 0.00121017 -0.00592895 0.000197234 -0.00822703 0.00323585 -0.00380828 0.000454581
438 -0.00472217 0.0016879 -0.00723215 0.00124755 -0.00587615 0.000178855 -0.00815929 0.00352039 -0.00400163 0.000314194
439 -0.00467743 0.00174082 -0.00713845 0.00124676 -0.00580845 0.000163179 -0.00802521 0.00365996 -0.00406842 0.000279867
440 -0.0046896 0.00184184 -0.00705439 0.0012816 -0.00575093 0.000175808 -0.0079046 0.00382723 -0.00428122 0.000331161
441 -0.00465634 0.00192997 -0.00695987 0.00130658 -0.00567852 0.000178369 -0.00773809 0.00402694 -0.00444059 0.000366217
442 -0.00470421 0.00200256 -0.00686242 0.00130734 -0.00564007 0.000109589 -0.00755245 0.00424106 -0.00468348 0.000324478
443 -0.00466717 0.00207656 -0.00676573 0.00132341 -0.00551906 0.000127317 -0.00746963 0.00436452 -0.00469612 0.000357871
444 -0.0046781 0.00208861 -0.00667456 0.00132738 -0.005522 0.000111632 -0.00724661 0.00455735 -0.00505319 0.00030063
445 -0.00463902 0.00218817 -0.00655358 0.00133486 -0.00543546 0.000109867 -0.00710532 0.00465168 -0.005089 0.000344584
446 -0.00464833 0.00222807 -0.00646526 0.00134648 -0.00536447 0.00011632 -0.00694754 0.00476171 -0.00528564 0.000388032
447 -0.00463266 0.00224659 -0.00635374 0.00135888 -0.0053355 0.000113431 -0.00669406 0.00487716 -0.00555699 0.000375788
448 -0.00459844 0.00228191 -0.00626201 0.00134284 -0.00525819 0.000110307 -0.00651363 0.00495762 -0.00563187 0.000448055
449 -0.00461201 0.002309 -0.00615754 0.0013298 -0.00521308 7.94021e-05 -0.00636787 0.00498783 -0.00584705 0.000464095
450 -0.00458194 0.00230124 -0.00602942 0.00134686 -0.00517458 7.79327e-05 -0.0060465 0.00504155 -0.00604691 0.000436778
451 -0.0045252 0.0023385 -0.00593158 0.00135226 -0.00505907 6.81754e-05 -0.0058545 0.00516313 -0.0061887 0.000415221
452 -0.00451808 0.00235606 -0.00580829 0.00134736 -0.00506781 7.71786e-05 -0.0056389 0.00511575 -0.00645853 0.000471254
453 -0.00449554 0.00232602 -0.00569315 0.00132016 -0.00502741 9.24993e-05 -0.00536167 0.00506998 -0.00659992 0.000567319
454 -0.00449249 0.00235609 -0.00560645 0.00128209 -0.00500281 8.31558e-05 -0.00520451 0.00512885 -0.00677244 0.000538965
455 -0.00441902 0.00228727 -0.00547982 0.00126931 -0.00496479 9.26576e-05 -0.00489892 0.0049876 -0.00694217 0.00053141
456 -0.00441656 0.0022674 -0.00539095 0.00123678 -0.00491752 7.03559e-05 -0.00475269 0.00489542 -0.00703309 0.000647619
457 -0.00436706 0.00227531 -0.00526003 0.0012113 -0.00491386 7.77582e-05 -0.00446089 0.0048674 -0.00725311 0.000639095
458 -0.00431948 0.00224388 -0.00513688 0.00119263 -0.00487062 7.74831e-05 -0.00415964 0.00475054 -0.00747763 0.000767158
459 -0.00428796 0.00216875 -0.00502825 0.00112432 -0.00482382 8.458e-05 -0.00395666 0.00462921 -0.00755584 0.000666736
460 -0.00425902 0.00207425 -0.0049004 0.00111391 -0.00483214 6.33088e-05 -0.00371128 0.00447756 -0.00773572 0.000665569
461 -0.00418059 0.00208055 -0.0047557 0.00104816 -0.00479675 3.68573e-05 -0.003376 0.00429329 -0.00787336 0.000821329
462 -0.00414712 0.00199995 -0.00465259 0.000984331 -0.00478812 5.0395e-05 -0.00318972 0.00415045 -0.00800323 0.000776214
463 -0.0041005 0.00192699 -0.00449979 0.000940609 -0.00481328 6.3749e-05 -0.00288198 0.00389482 -0.00821112 0.00079638
464 -0.00406627 0.00189636 -0.00439506 0.000909598 -0.00479812 5.25248e-05 -0.00265001 0.00375522 -0.00837426 0.0008757
465 -0.00402183 0.00179657 -0.00427264 0.000883563 -0.00476326 7.22403e-05 -0.00242678 0.00355534 -0.00847488 0.000851875
466 -0.00398702 0.00168263 -0.00413356 0.000813159 -0.00475194 3.09505e-05 -0.00218556 0.00330449 -0.00861946 0.000731882
467 -0.00400358 0.00163844 -0.00404092 0.000765124 -0.00476177 3.55264e-05 -0.00202676 0.00308866 -0.00873532 0.000814847
468 -0.00397804 0.00150038 -0.00392008 0.000728696 -0.00475678 3.02548e-06 -0.00183572 0.0028629 -0.00890929 0.000746529
469 -0.00398202 0.00142185 -0.00383745 0.000661597 -0.00475582 2.29616e-05 -0.00166269 0.00269099 -0.00906204 0.000752173
470 -0.00400485 0.00129587 -0.00373732 0.000595474 -0.00478012 5.07002e-05 -0.00150953 0.00237033 -0.00917459 0.00063442
471 -0.00400286 0.00116929 -0.00365577 0.000589191 -0.00477875 5.63153e-05 -0.00141556 0.00223124 -0.00933997 0.000502474
472 -0.00398707 0.00103591 -0.00357661 0.000528067 -0.00476754 2.98087e-05 -0.00122088 0.00193902 -0.0094321 0.000538818
473 -0.00405557 0.000902548 -0.00349751 0.000473419 -0.00480798 6.79596e-05 -0.00119424 0.00178921 -0.00955257 0.000391441
474 -0.00410084 0.000772527 -0.00343237 0.000463119 -0.00483196 8.45095e-05 -0.00113912 0.00165997 -0.00967879 0.000190422
475 -0.00412207 0.000651282 -0.00336302 0.000409582 -0.0048537 0.000116186 -0.000984266 0.00143121 -0.00986428 1.91951e-05
476 -0.00416096 0.000541806 -0.00332723 0.000338155 -0.00486229 0.000156982 -0.000909056 0.0012862 -0.00993368 3.05129e-05
477 -0.00424602 0.000414206 -0.00328381 0.000318243 -0.00491215 0.000176925 -0.000847606 0.00117515 -0.0101733 0.000281958
478 -0.00426443 0.000254225 -0.00324256 0.000247224 -0.00493535 0.000180919 -0.00083373 0.00100237 -0.0101596 0.000496637
479 -0.00431646 0.000108141 -0.00323303 0.000238947 -0.00499293 0.000212578 -0.000690727 0.000812586 -0.0103216 0.000585993
480 -0.00438391 6.83645e-05 -0.00322608 0.000178635 -0.00504709 0.000245527 -0.000718938 0.00057333 -0.0104969 0.000820678
481 -0.00443871 0.000210737 -0.00322397 0.000151998 -0.00509237 0.00028234 -0.000651307 0.00042881 -0.0104506 0.000980111
482 -0.00453114 0.000356946 -0.00325586 6.27842e-05 -0.00518416 0.000290857 -0.000676257 0.000236241 -0.0106981 0.00119064
483 -0.00459682 0.000516895 -0.00330135 6.96404e-05 -0.00527802 0.000304333 -0.000647676 0.000238693 -0.0108428 0.00154858
484 -0.00467466 0.000668555 -0.00335511 7.85957e-06 -0.0053417 0.000317971 -0.000678573 3.12213e-05 -0.0108986 0.00165611
485 -0.00475181 0.000821209 -0.00342495 5.13988e-05 -0.00544539 0.000364828 -0.000608646 0.00016615 -0.0111264 0.00191502
486 -0.00481253 0.000962943 -0.00349935 8.03809e-05 -0.00555389 0.000391779 -0.000651467 0.000368807 -0.0111293 0.00197229
487 -0.00491353 0.00107281 -0.00361884 0.000119601 -0.00570712 0.000421143 -0.000704118 0.000387665 -0.0113238 0.00227372
488 -0.00501073 0.00124605 -0.00371371 0.00013294 -0.00583697 0.000417714 -0.000667028 0.00059987 -0.0114358 0.0024684
489 -0.00507049 0.00142461 -0.00386019 0.000182782 -0.00600029 0.000446933 -0.000719756 0.000683979 -0.0115145 0.00270248
490 -0.00520085 0.0015703 -0.00401717 0.00021651 -0.00619791 0.000497341 -0.000803617 0.000814187 -0.0116865 0.00294243
491 -0.00528053 0.00169838 -0.00417929 0.000237256 -0.00637088 0.000486036 -0.000876092 0.000964723 -0.0118566 0.00305587
492 -0.00537421 0.00190043 -0.00437924 0.000274973 -0.0065159 0.00057864 -0.00089277 0.00107953 -0.0118716 0.00333345
493 -0.00547776 0.00203463 -0.0045742 0.000308014 -0.00675996 0.000602717 -0.00095242 0.00125597 -0.0120321 0.00348303
494 -0.00559229 0.00215835 -0.00481517 0.000331289 -0.00699915 0.00065721 -0.00110766 0.00133868 -0.0121919 0.00385032
495 -0.00570214 0.00231843 -0.00501737 0.00035 -0.00726299 0.000707327 -0.00117759 0.00142323 -0.0124302 0.00401452
496 -0.00581812 0.0024224 -0.00529537 0.000380875 -0.00752856 0.000736026 -0.0012353 0.00153312 -0.0126189 0.00414107
497 -0.0059239 0.00253962 -0.00553638 0.000366976 -0.00782231 0.000772876 -0.00127107 0.00162163 -0.0128004 0.00436484
498 -0.00603996 0.00272192 -0.00586843 0.000360844 -0.00816423 0.000801521 -0.001386 0.00175607 -0.0129912 0.00453647
499 -0.00617806 0.00283028 -0.00616664 0.000364914 -0.00851168 0.000844403 -0.00152811 0.00187555 -0.013242 0.00483267
500 -0.00629878 0.00291951 -0.00648973 0.000393384 -0.00886817 0.000948653 -0.0015715 0.00185004 -0.0135603 0.00503728
501 -0.00643023 0.00305128 -0.00683877 0.000404701 -0.00921356 0.000984045 -0.00170089 0.00192247 -0.0137328 0.00526782
502 -0.00657497 0.00313899 -0.00714572 0.00036525 -0.00959528 0.00105782 -0.00181194 0.00198217 -0.0139182 0.00546307
503 -0.00668398 0.0032486 -0.00752408 0.000369068 -0.00999178 0.00112986 -0.00185769 0.00199427 -0.0142479 0.00566838
504 -0.00682518 0.00336672 -0.00787862 0.000337615 -0.0103942 0.00117665 -0.00194212 0.0018954 -0.0143809 0.00593014
505 -0.00696071 0.00348181 -0.00824602 0.000354906 -0.0108288 0.00130005 -0.00211239 0.00197762 -0.0147334 0.00617043
506 -0.00709569 0.00354565 -0.00860067 0.000363483 -0.0111988 0.00135458 -0.00215021 0.00198349 -0.0149439 0.00647574
507 -0.00719708 0.00365451 -0.0089981 0.000319533 -0.0116782 0.00141851 -0.00220857 0.00193692 -0.0152293 0.00683688
508 -0.00731143 0.00377884 -0.00937203 0.000339845 -0.0121157 0.0015221 -0.0022378 0.00197942 -0.0155653 0.00703498
509 -0.00746314 0.00383216 -0.00975886 0.000319405 -0.0126149 0.00161729 -0.00235157 0.00194854 -0.0159322 0.00733098
510 -0.00759213 0.00387156 -0.0101939 0.000338355 -0.0130384 0.00173909 -0.00239526 0.00191325 -0.0161182 0.00759026
511 -0.00771674 0.00400771 -0.0105844 0.000307142 -0.0135025 0.00182301 -0.00250022 0.00185309 -0.01641 0.00789862
512 -0.00784268 0.00407868 -0.0109862 0.000302694 -0.0139682 0.00194842 -0.00258914 0.00187687 -0.0168107 0.00827254
513 -0.00798794 0.00413047 -0.011398 0.000370547 -0.0144255 0.00205664 -0.00266791 0.00190162 -0.0171215 0.0084416
514 -0.00813138 0.0041926 -0.0118013 0.000354908 -0.014863 0.00213326 -0.00274646 0.00181253 -0.0173947 0.00874279
515 -0.008254 0.00424393 -0.0121863 0.000422555 -0.0153036 0.00226282 -0.0028266 0.0018295 -0.0176398 0.00895048
516 -0.00834101 0.00428828 -0.0125816 0.000392792 -0.0157282 0.00235754 -0.00285444 0.00164728 -0.0180861 0.00932058
517 -0.00844055 0.00444264 -0.0129623 0.000468901 -0.0161312 0.00253167 -0.00287098 0.00170407 -0.0183024 0.00971872
518 -0.00852802 0.00444228 -0.0133207 0.000518451 -0.0165038 0.00265639 -0.00297022 0.00150148 -0.0184743 0.0101021
519 -0.0085979 0.00449737 -0.0136859 0.000489918 -0.016897 0.00274403 -0.00296341 0.00142932 -0.0187729 0.0103863
520 -0.0087068 0.00456332 -0.0140028 0.000539258 -0.0172349 0.00292026 -0.00299126 0.00135006 -0.01909 0.0108293
521 -0.00876446 0.00459323 -0.0143175 0.000556092 -0.0175425 0.00298959 -0.00310196 0.00119689 -0.0193275 0.0110359
522 -0.0088371 0.00466375 -0.0146587 0.000592919 -0.0178169 0.00314667 -0.00309091 0.00112692 -0.0195332 0.0114006
523 -0.00887299 0.00469981 -0.0149152 0.000612194 -0.0181366 0.00329679 -0.00308272 0.000912007 -0.0198215 0.0118944
524 -0.00890057 0.00474027 -0.0151906 0.000628045 -0.0182935 0.00340289 -0.00310739 0.000689537 -0.0199184 0.0121489
525 -0.00893437 0.00477961 -0.0154313 0.000695033 -0.0185198 0.00349544 -0.0031285 0.000639942 -0.0200589 0.0124854
526 -0.00895508 0.00475529 -0.015627 0.000686714 -0.0187035 0.00359425 -0.00320229 0.000374229 -0.0201975 0.012796
527 -0.00895507 0.00475634 -0.0157922 0.000736219 -0.0187676 0.00370835 -0.0032874 0.000246824 -0.0202868 0.0129365
528 -0.00891299 0.00476804 -0.0159016 0.000757524 -0.0188269 0.0038428 -0.00328295 0.000101212 -0.0203221 0.0134306
529 -0.00886052 0.00477424 -0.0159628 0.00077532 -0.0188281 0.00397569 -0.00325613 0.000261889 -0.0202606 0.0138099
530 -0.0088047 0.00475801 -0.0160102 0.00076475 -0.0187436 0.00402731 -0.00316491 0.000484625 -0.0202708 0.014045
531 -0.00871222 0.00474111 -0.0159906 0.000791272 -0.0185883 0.00417319 -0.00316926 0.000749766 -0.0200646 0.0144141
532 -0.00854836 0.00467166 -0.0158806 0.000823638 -0.0183865 0.00421138 -0.00309888 0.00101634 -0.0199347 0.0145296
533 -0.00845699 0.00463784 -0.0157305 0.000822833 -0.0181463 0.00430802 -0.00305423 0.00130208 -0.0196846 0.0147553
534 -0.00819916 0.00464461 -0.0154756 0.000816991 -0.0177214 0.00437943 -0.00285935 0.00142399 -0.01923 0.0149428
535 -0.00792181 0.00453472 -0.0152167 0.00081891 -0.0173214 0.00451762 -0.00274074 0.00180288 -0.0188632 0.0153037
536 -0.00763278 0.0044955 -0.0148525 0.000819245 -0.016805 0.00460319 -0.00260635 0.00202326 -0.0183473 0.0155052
537 -0.00730417 0.00437913 -0.0143648 0.000817295 -0.0161764 0.00466144 -0.0023186 0.0023409 -0.0178187 0.0155505
538 -0.00692735 0.00435449 -0.0137952 0.000788986 -0.015454 0.00471946 -0.0021278 0.00263783 -0.0171749 0.0158393
539 -0.00648045 0.00424981 -0.0131562 0.000793976 -0.0145635 0.00479961 -0.00184726 0.00303978 -0.0164066 0.0161339
540 -0.00598079 0.00415511 -0.0123847 0.000812831 -0.0135694 0.00485382 -0.00145224 0.00340513 -0.0154443 0.0162138
541 -0.00540205 0.00410266 -0.0114817 0.000806003 -0.0124606 0.00492529 -0.0010248 0.00372196 -0.0145725 0.0164923
542 -0.00475894 0.00399601 -0.0104314 0.000787401 -0.0112607 0.00498266 -0.000429011 0.00404582 -0.0136792 0.0166166
543 -0.00405568 0.00389264 -0.0092554 0.000775701 -0.00989995 0.00500818 4.03999e-05 0.00436503 -0.0122937 0.0167513
544 -0.00325644 0.00382754 -0.00790212 0.000729827 -0.00833063 0.00513196 0.000749238 0.00472245 -0.0111974 0.017122
545 -0.00238924 0.00364737 -0.00637598 0.000772914 -0.00668124 0.00514011 0.00155149 0.00507779 -0.00978733 0.0171157
546 -0.00139196 0.00360355 -0.00468966 0.000725988 -0.00483258 0.00518645 0.00250813 0.00546528 -0.00834634 0.0171775
547 -0.000363257 0.00347719 -0.00282832 0.000676202 -0.0027421 0.00519203 0.00339219 0.00582662 -0.00680106 0.0173162
548 0.000832834 0.00340598 -0.0008017 0.000664935 -0.000533547 0.00521589 0.0044753 0.00602564 -0.00511762 0.0172843
549 0.00213834 0.00326587 0.00150664 0.000630021 0.00192157 0.00522384 0.00573558 0.00632879 -0.00318606 0.0173287
550 0.00346775 0.00321366 0.00395208 0.000593834 0.0045989 0.00528186 0.00693784 0.00657521 -0.00117965 0.017462
551 0.00503157 0.00313209 0.00670818 0.000612286 0.00748085 0.00531138 0.00858748 0.00683198 0.00106937 0.0174656
552 0.00665725 0.00306627 0.00968598 0.000559252 0.0106701 0.00530655 0.010203 0.00713342 0.00330938 0.0176635
553 0.00844073 0.00300747 0.0129843 0.000481678 0.0139826 0.00531419 0.0119985 0.00722482 0.00564094 0.017726
554 0.0104188 0.00292341 0.0164725 0.000495541 0.0176635 0.00533583 0.0139818 0.00749418 0.00835301 0.0176734
555 0.0125621 0.00281501 0.0203551 0.00039583 0.0216474 0.005349 0.0161387 0.00787956 0.0113325 0.0177757
556 0.0148166 0.0028409 0.0245287 0.000365192 0.0258351 0.00534679 0.0186114 0.0078556 0.0142881 0.0177619
557 0.0173026 0.00281271 0.0290174 0.000296052 0.0304218 0.00532937 0.0210888 0.00791198 0.0175981 0.0177475
558 0.0199266 0.00286785 0.0339364 0.000226444 0.0353179 0.00531303 0.0241393 0.00798377 0.0206497 0.0178697
559 0.0227881 0.00275018 0.0391959 0.00015994 0.0405134 0.00530257 0.0272637 0.00812664 0.0245944 0.0178482
560 0.025876 0.00285058 0.0448829 9.94175e-05 0.0460742 0.0053559 0.0307112 0.00798979 0.0283485 0.0179609
561 0.0292976 0.00278473 0.0510202 3.19527e-05 0.0521206 0.00522183 0.0347092 0.00814289 0.0325145 0.017905
562 0.0328656 0.00289811 0.0575569 8.79806e-05 0.058458 0.00522409 0.0387865 0.00797473 0.0368406 0.0179712
563 0.0367079 0.00297293 0.0645563 0.000137116 0.0652162 0.00525697 0.0432774 0.00804441 0.041644 0.018317
564 0.0409189 0.00292221 0.0720828 0.000213016 0.0723992 0.00512435 0.0482003 0.00798389 0.046645 0.0179244
565 0.0453708 0.00296644 0.0801194 0.000277756 0.0799988 0.00506722 0.0535307 0.0078498 0.0519843 0.0178036
566 0.0501704 0.00307217 0.0886527 0.000387782 0.0880461 0.00497294 0.0594637 0.00778444 0.0576489 0.0178129
567 0.0554079 0.00311584 0.0977602 0.000463901 0.0966069 0.00487651 0.065823 0.0074908 0.0637852 0.0174901
568 0.0610408 0.00315391 0.107455 0.000478276 0.105664 0.00474865 0.0728837 0.00734884 0.0703197 0.0174042
569 0.0669857 0.00321058 0.117691 0.000519749 0.115189 0.00472256 0.0805923 0.00723335 0.0768664 0.0172643
570 0.0735341 0.00316158 0.128572 0.000550782 0.125237 0.00457735 0.0887805 0.00708612 0.0846315 0.016829
571 0.0803888 0.00313516 0.140064 0.000574005 0.135845 0.00443866 0.0977492 0.00691822 0.0924788 0.0164785
572 0.0877715 0.00322655 0.152174 0.000640445 0.146819 0.00425438 0.107428 0.00646797 0.100943 0.0159634
573 0.0958199 0.00323793 0.164872 0.000602327 0.158478 0.00423048 0.117945 0.00642819 0.110246 0.0158624
574 0.104228 0.00327109 0.178259 0.000571995 0.17054 0.00405794 0.12928 0.00593061 0.1199 0.0155341
575 0.113354 0.00321303 0.192158 0.000568563 0.183157 0.0039497 0.141553 0.00577245 0.13027 0.014887
576 0.123142 0.00333235 0.206773 0.000492388 0.196203 0.00364371 0.154672 0.00517232 0.141548 0.0143908
577 0.13346 0.00331918 0.221909 0.000569799 0.209722 0.00350464 0.168821 0.00485392 0.153438 0.0138877
578 0.144475 0.00331898 0.237628 0.000516421 0.223827 0.00334728 0.184006 0.00447763 0.165932 0.0129275
579 0.156166 0.00331694 0.253896 0.000442893 0.2382 0.00317699 0.200165 0.00411225 0.179194 0.0126412
580 0.168526 0.0032666 0.270711 0.000345669 0.252963 0.00297167 0.217134 0.00356921 0.193033 0.0120105
581 0.181641 0.00323327 0.287885 0.000356295 0.268108 0.0028791 0.235115 0.0034928 0.208513 0.0114045
582 0.195505 0.00331124 0.305534 0.000351387 0.283419 0.00269464 0.254351 0.00298935 0.224157 0.0108511
583 0.209834 0.00324314 0.323515 0.000219281 0.298951 0.00253063 0.274517 0.00246766 0.240324 0.0101605
584 0.224906 0.00305466 0.341667 0.000277887 0.31462 0.00234861 0.295435 0.00239536 0.257453 0.00960983
585 0.240572 0.00315698 0.360134 0.000265322 0.330201 0.00211475 0.317643 0.00194665 0.274759 0.0088291
586 0.256823 0.00315442 0.378659 0.000235871 0.345874 0.00212134 0.340483 0.00173471 0.292781 0.00876578
587 0.273538 0.0028653 0.397231 0.000132458 0.361232 0.00185232 0.36401 0.00152058 0.310867 0.00774438
588 0.29056 0.00292942 0.415437 0.000145043 0.376336 0.00174037 0.388033 0.00124105 0.329054 0.00724196
589 0.307715 0.00278953 0.433538 0.00010612 0.390954 0.0017542 0.412328 0.000737349 0.347434 0.00653907
590 0.324718 0.00255739 0.451129 0.000147983 0.405072 0.00141637 0.4364 0.00055417 0.365346 0.00599122
591 0.341589 0.00265218 0.468168 0.000173483 0.418514 0.00126292 0.460497 0.000118017 0.382946 0.00554488
592 0.358148 0.00271676 0.484232 9.00757e-05 0.431267 0.00125332 0.483746 0.000140214 0.399803 0.00498394
593 0.373995 0.00278945 0.499682 5.01817e-05 0.442933 0.00129737 0.506283 0.000281353 0.415718 0.00506609
594 0.389023 0.00253187 0.513857 0.000166369 0.453827 0.00120681 0.527741 0.000311245 0.430102 0.00415837
595 0.403058 0.00229851 0.52674 8.41004e-05 0.463531 0.00100674 0.547049 0.000750986 0.444094 0.00357234
596 0.4154 0.00253613 0.538147 5.64811e-05 0.472291 0.00106144 0.564987 0.00109467 0.455832 0.00336243
597 0.426515 0.00212334 0.548289 0.000127691 0.480393 0.000718326 0.580639 0.00139658 0.467207 0.00240117
598 0.436273 0.00201657 0.557135 0.000259722 0.48974 0.00112344 0.590582 0.00145668 0.485741 0.002205
599 -nan -nan -nan -nan -nan -nan -nan -nan -nan -nan
